#time 		photoelectrons 	error 		visit 	orbit 	scan 	wave_center 	wave_start 	wave_end
0.345126933741 5082159.99189 400181.738878 1.57 0.0 2456306.95783 1.0 9.0 0.0
0.34631307681 5109054.88454 402268.282418 1.57 0.0 2456306.95928 1.0 9.0 0.0
0.347498911442 5119443.90304 403045.501578 1.57 0.0 2456306.96073 1.0 9.0 0.0
0.348684744547 5126499.66464 403567.329663 1.57 0.0 2456306.96217 1.0 9.0 0.0
0.34987057956 5130086.53114 403866.723157 1.57 0.0 2456306.96362 1.0 9.0 0.0
0.35105671156 5135700.37451 404286.760934 1.57 0.0 2456306.96507 1.0 9.0 0.0
0.352242537411 5137911.94451 404448.908306 1.57 0.0 2456306.96651 1.0 9.0 0.0
0.353428365554 5138740.01708 404504.410145 1.57 0.0 2456306.96796 1.0 9.0 0.0
0.354614185679 5138971.30996 404506.234633 1.57 0.0 2456306.96941 1.0 9.0 0.0
0.355800306609 5140149.06032 404621.882115 1.57 0.0 2456306.97085 1.0 9.0 0.0
0.356986124826 5140830.26648 404647.274615 1.57 0.0 2456306.9723 1.0 9.0 0.0
0.358171936172 5142259.82503 404803.921597 1.57 0.0 2456306.97375 1.0 9.0 0.0
0.359357744464 5140673.74034 404645.017384 1.57 0.0 2456306.97519 1.0 9.0 0.0
0.360543856995 5140222.92235 404594.196312 1.57 0.0 2456306.97664 1.0 9.0 0.0
0.36172965918 5139988.11926 404594.491689 1.57 0.0 2456306.97809 1.0 9.0 0.0
0.362915459074 5139184.45475 404545.484502 1.57 0.0 2456306.97953 1.0 9.0 0.0
0.364101260495 5138536.74488 404470.989529 1.57 0.0 2456306.98098 1.0 9.0 0.0
0.365287363483 5136973.57997 404336.166379 1.57 0.0 2456306.98243 1.0 9.0 0.0
0.366473152689 5136726.42763 404306.389114 1.57 0.0 2456306.98387 1.0 9.0 0.0
0.367658949147 5136096.49113 404306.748365 1.57 0.0 2456306.98532 1.0 9.0 0.0
0.368844745224 5134951.6293 404215.249359 1.57 0.0 2456306.98677 1.0 9.0 0.0
0.370030835233 5134171.65723 404129.078442 1.57 0.0 2456306.98821 1.0 9.0 0.0
0.371216630547 5136075.27823 404316.242506 1.57 0.0 2456306.98966 1.0 9.0 0.0
0.37240242586 5134675.7747 404197.70671 1.57 0.0 2456306.99111 1.0 9.0 0.0
0.397837392006 5133543.43182 404048.311234 1.57 0.0 2456307.02213 1.0 9.0 0.0
0.399023527822 5138075.66584 404424.589837 1.57 0.0 2456307.02358 1.0 9.0 0.0
0.400209367798 5138558.90967 404494.501928 1.57 0.0 2456307.02503 1.0 9.0 0.0
0.401395206629 5142342.22622 404759.216051 1.57 0.0 2456307.02647 1.0 9.0 0.0
0.402581036298 5142361.51258 404771.7829 1.57 0.0 2456307.02792 1.0 9.0 0.0
0.403767175932 5141476.71612 404729.3733 1.57 0.0 2456307.02937 1.0 9.0 0.0
0.40613883298 5143115.25174 404845.187493 1.57 0.0 2456307.03226 1.0 9.0 0.0
0.407324661885 5144511.38111 404954.277211 1.57 0.0 2456307.03371 1.0 9.0 0.0
0.409696605613 5142233.13274 404772.257816 1.57 0.0 2456307.0366 1.0 9.0 0.0
0.410882425357 5143179.39771 404826.308906 1.57 0.0 2456307.03805 1.0 9.0 0.0
0.412068242811 5140869.26255 404662.095831 1.57 0.0 2456307.03949 1.0 9.0 0.0
0.413254355342 5140308.91519 404613.437498 1.57 0.0 2456307.04094 1.0 9.0 0.0
0.414440162107 5140658.18645 404669.898911 1.57 0.0 2456307.04239 1.0 9.0 0.0
0.415625969636 5141574.63609 404731.870227 1.57 0.0 2456307.04383 1.0 9.0 0.0
0.416811770675 5140095.4382 404618.489082 1.57 0.0 2456307.04528 1.0 9.0 0.0
0.417997872518 5140483.34902 404601.298141 1.57 0.0 2456307.04673 1.0 9.0 0.0
0.419183673176 5139263.44953 404507.34029 1.57 0.0 2456307.04817 1.0 9.0 0.0
0.420369467344 5138917.369 404495.165592 1.57 0.0 2456307.04962 1.0 9.0 0.0
0.452303218394 5130302.31973 403825.660278 1.57 0.0 2456307.08858 1.0 9.0 0.0
0.453489058752 5132499.8629 404011.74157 1.57 0.0 2456307.09002 1.0 9.0 0.0
0.454674899109 5131437.75921 403946.752332 1.57 0.0 2456307.09147 1.0 9.0 0.0
0.455860729923 5132990.42152 404030.25028 1.57 0.0 2456307.09291 1.0 9.0 0.0
0.457046870702 5132030.34495 403969.214424 1.57 0.0 2456307.09436 1.0 9.0 0.0
0.458232706479 5130783.40648 403860.101433 1.57 0.0 2456307.09581 1.0 9.0 0.0
0.459418532331 5127880.77663 403691.983784 1.57 0.0 2456307.09726 1.0 9.0 0.0
0.460604363527 5127288.6966 403590.937372 1.57 0.0 2456307.0987 1.0 9.0 0.0
0.461790495908 5125664.2055 403486.190055 1.57 0.0 2456307.10015 1.0 9.0 0.0
0.462976313362 5125913.42983 403504.150096 1.57 0.0 2456307.1016 1.0 9.0 0.0
0.464162136542 5126592.63316 403551.292068 1.57 0.0 2456307.10304 1.0 9.0 0.0
0.465347956286 5127384.60889 403636.186705 1.57 0.0 2456307.10449 1.0 9.0 0.0
0.466534072253 5127316.86516 403605.981643 1.57 0.0 2456307.10594 1.0 9.0 0.0
0.46771988169 5127483.46707 403635.02274 1.57 0.0 2456307.10738 1.0 9.0 0.0
0.468905692273 5126780.33767 403606.712197 1.57 0.0 2456307.10883 1.0 9.0 0.0
0.470091496366 5127968.77832 403655.988582 1.57 0.0 2456307.11027 1.0 9.0 0.0
0.471277600499 5129921.21866 403814.851188 1.57 0.0 2456307.11172 1.0 9.0 0.0
0.472463403065 5128019.37001 403676.286437 1.57 0.0 2456307.11317 1.0 9.0 0.0
0.473649199524 5129933.51908 403799.746522 1.57 0.0 2456307.11461 1.0 9.0 0.0
0.474834994074 5129277.18676 403769.339048 1.57 0.0 2456307.11606 1.0 9.0 0.0
0.476021094771 5129501.02521 403763.556044 1.57 0.0 2456307.11751 1.0 9.0 0.0
0.477206886649 5130125.25146 403827.017439 1.57 0.0 2456307.11895 1.0 9.0 0.0
0.478392829692 5129776.45418 403834.166816 1.57 0.0 2456307.1204 1.0 9.0 0.0
0.479578473077 5129518.7396 403771.012192 1.57 0.0 2456307.12185 1.0 9.0 0.0
0.480764567667 5128816.99122 403718.789035 1.57 0.0 2456307.12329 1.0 9.0 0.0
-0.49322169025 5118432.98097 402882.399311 1.57 0.0 2456307.15503 1.0 9.0 0.0
-0.492036001439 5124245.69056 403317.162687 1.57 0.0 2456307.15647 1.0 9.0 0.0
-0.490849862568 5125524.05537 403444.496461 1.57 0.0 2456307.15792 1.0 9.0 0.0
-0.489664027937 5126114.3664 403521.509142 1.57 0.0 2456307.15937 1.0 9.0 0.0
-0.488478038704 5127609.01065 403663.152336 1.57 0.0 2456307.16081 1.0 9.0 0.0
-0.487292358674 5128510.15419 403696.048424 1.57 0.0 2456307.16226 1.0 9.0 0.0
-0.486106225529 5130583.39844 403902.397611 1.57 0.0 2456307.16371 1.0 9.0 0.0
-0.484920394333 5130982.01128 403904.452862 1.57 0.0 2456307.16515 1.0 9.0 0.0
-0.483734418079 5132449.98303 404002.245665 1.57 0.0 2456307.1666 1.0 9.0 0.0
-0.482548747973 5133236.1215 404084.400025 1.57 0.0 2456307.16805 1.0 9.0 0.0
-0.4813626217 5133139.59093 404075.765959 1.57 0.0 2456307.16949 1.0 9.0 0.0
-0.480176801956 5131978.3707 403931.061838 1.57 0.0 2456307.17094 1.0 9.0 0.0
-0.478990841735 5132666.16273 403981.212319 1.57 0.0 2456307.17239 1.0 9.0 0.0
-0.476619065969 5133040.36552 404033.341429 1.57 0.0 2456307.17528 1.0 9.0 0.0
-0.474247309671 5132442.03458 403976.980759 1.57 0.0 2456307.17817 1.0 9.0 0.0
-0.470689764168 5131170.30913 403901.518137 1.57 0.0 2456307.18251 1.0 9.0 0.0
-0.468318179267 5127808.35233 403662.451393 1.57 0.0 2456307.18541 1.0 9.0 0.0
-0.46713208086 5127705.25431 403658.603703 1.57 0.0 2456307.18685 1.0 9.0 0.0
-0.465946285165 5126987.22024 403589.155402 1.57 0.0 2456307.1883 1.0 9.0 0.0
-0.464760346321 5127157.15781 403580.70379 1.57 0.0 2456307.18975 1.0 9.0 0.0
-0.438756315066 5120244.54177 402999.250344 1.57 0.0 2456307.22147 1.0 9.0 0.0
-0.437570175432 5124480.66691 403379.961849 1.57 0.0 2456307.22292 1.0 9.0 0.0
-0.436384340037 5124417.0731 403418.977142 1.57 0.0 2456307.22436 1.0 9.0 0.0
-0.43519834966 5125230.5829 403454.488269 1.57 0.0 2456307.22581 1.0 9.0 0.0
-0.43401266772 5127591.42408 403632.822084 1.57 0.0 2456307.22726 1.0 9.0 0.0
-0.432826533049 5128519.15011 403704.806667 1.57 0.0 2456307.2287 1.0 9.0 0.0
-0.431640699562 5131003.73826 403937.934439 1.57 0.0 2456307.23015 1.0 9.0 0.0
-0.430454720637 5129881.79863 403775.946221 1.57 0.0 2456307.2316 1.0 9.0 0.0
-0.429269047859 5128259.53308 403714.765296 1.57 0.0 2456307.23304 1.0 9.0 0.0
-0.428082918531 5130544.63085 403846.595125 1.57 0.0 2456307.23449 1.0 9.0 0.0
-0.426897095733 5131274.39075 403933.356067 1.57 0.0 2456307.23594 1.0 9.0 0.0
-0.425711132459 5131391.82793 403925.861206 1.57 0.0 2456307.23738 1.0 9.0 0.0
-0.424525467315 5132416.46972 404017.534162 1.57 0.0 2456307.23883 1.0 9.0 0.0
-0.423339350585 5130666.78103 403853.848654 1.57 0.0 2456307.24028 1.0 9.0 0.0
-0.422153548019 5131272.70755 403883.97219 1.57 0.0 2456307.24172 1.0 9.0 0.0
-0.420967588562 5130755.9203 403845.464842 1.57 0.0 2456307.24317 1.0 9.0 0.0
-0.419781935252 5131807.26533 403950.430854 1.57 0.0 2456307.24461 1.0 9.0 0.0
-0.418595837226 5130318.91089 403816.668035 1.57 0.0 2456307.24606 1.0 9.0 0.0
-0.41741003695 5131297.75557 403946.268791 1.57 0.0 2456307.24751 1.0 9.0 0.0
-0.416224086654 5130468.35252 403827.986468 1.57 0.0 2456307.24895 1.0 9.0 0.0
0.318950816244 5107465.56482 402014.829915 1.57 0.0 2456256.9112 0.0 4.0 0.0
0.320136860827 5128392.84921 403639.744352 1.57 0.0 2456256.91264 0.0 4.0 0.0
0.321322755008 5136264.62684 404228.59333 1.57 0.0 2456256.91409 0.0 4.0 0.0
0.322508795011 5142803.935 404734.757993 1.57 0.0 2456256.91554 0.0 4.0 0.0
0.323694680794 5145125.07978 404928.781333 1.57 0.0 2456256.91698 0.0 4.0 0.0
0.324880720415 5147337.9139 405076.29719 1.57 0.0 2456256.91843 0.0 4.0 0.0
0.326066601236 5148933.37691 405171.16286 1.57 0.0 2456256.91988 0.0 4.0 0.0
0.327252632077 5148730.49433 405162.471018 1.57 0.0 2456256.92132 0.0 4.0 0.0
0.328438512897 5149549.08576 405226.139543 1.57 0.0 2456256.92277 0.0 4.0 0.0
0.329624539158 5148650.49143 405137.364582 1.57 0.0 2456256.92422 0.0 4.0 0.0
0.330810411581 5150302.48428 405259.79416 1.57 0.0 2456256.92566 0.0 4.0 0.0
0.331996438986 5151074.30441 405308.191368 1.57 0.0 2456256.92711 0.0 4.0 0.0
0.333182308355 5151758.58763 405373.29709 1.57 0.0 2456256.92856 0.0 4.0 0.0
0.334368328507 5150781.80125 405308.599232 1.57 0.0 2456256.93 0.0 4.0 0.0
0.335554200167 5151507.59053 405341.70884 1.57 0.0 2456256.93145 0.0 4.0 0.0
0.336740222991 5149662.75703 405213.452739 1.57 0.0 2456256.9329 0.0 4.0 0.0
0.337926085489 5149628.28105 405228.449497 1.57 0.0 2456256.93434 0.0 4.0 0.0
0.339112108314 5148234.05798 405088.515534 1.57 0.0 2456256.93579 0.0 4.0 0.0
0.34029797921 5148595.84095 405163.240098 1.57 0.0 2456256.93724 0.0 4.0 0.0
0.364766831063 5133008.60989 403924.264178 1.57 0.0 2456256.96709 0.0 4.0 0.0
0.365952731734 5138281.80324 404329.622051 1.57 0.0 2456256.96853 0.0 4.0 0.0
0.367138787769 5138344.29508 404338.113255 1.57 0.0 2456256.96998 0.0 4.0 0.0
0.368324692257 5141935.66279 404609.120399 1.57 0.0 2456256.97143 0.0 4.0 0.0
0.369510739131 5142192.30456 404630.262918 1.57 0.0 2456256.97287 0.0 4.0 0.0
0.370696640947 5141878.59351 404598.48247 1.57 0.0 2456256.97432 0.0 4.0 0.0
0.371882693165 5143450.36697 404742.003344 1.57 0.0 2456256.97577 0.0 4.0 0.0
0.37306858391 5142793.78811 404667.575603 1.57 0.0 2456256.97721 0.0 4.0 0.0
0.374254632311 5144037.33483 404778.808706 1.57 0.0 2456256.97866 0.0 4.0 0.0
0.375440527638 5143738.50238 404757.109956 1.57 0.0 2456256.98011 0.0 4.0 0.0
0.378998494571 5141405.93092 404564.909327 1.57 0.0 2456256.98445 0.0 4.0 0.0
0.380184372338 5140873.41002 404541.000673 1.57 0.0 2456256.98589 0.0 4.0 0.0
0.381370407378 5141147.05586 404544.172123 1.57 0.0 2456256.98734 0.0 4.0 0.0
0.382556288962 5141046.50543 404524.068657 1.57 0.0 2456256.98879 0.0 4.0 0.0
0.383742311787 5138627.95051 404319.172695 1.57 0.0 2456256.99023 0.0 4.0 0.0
0.384928189172 5137379.95522 404205.107094 1.57 0.0 2456256.99168 0.0 4.0 0.0
0.386114216578 5136529.957 404188.072397 1.57 0.0 2456256.99313 0.0 4.0 0.0
0.387300082511 5137278.32061 404242.367337 1.57 0.0 2456256.99457 0.0 4.0 0.0
0.388486106863 5136856.31948 404225.180871 1.57 0.0 2456256.99602 0.0 4.0 0.0
0.389671978904 5136871.00715 404218.349336 1.57 0.0 2456256.99747 0.0 4.0 0.0
0.390857997529 5136494.0888 404204.993212 1.57 0.0 2456256.99891 0.0 4.0 0.0
0.392043864226 5137594.33741 404279.493391 1.57 0.0 2456257.00036 0.0 4.0 0.0
0.393229886669 5136161.10555 404158.139411 1.57 0.0 2456257.00181 0.0 4.0 0.0
0.394415753366 5136455.79226 404184.987142 1.57 0.0 2456257.00325 0.0 4.0 0.0
0.395601772755 5138020.75939 404348.395776 1.57 0.0 2456257.0047 0.0 4.0 0.0
0.419264110474 5132636.69541 403855.291272 1.57 0.0 2456257.03357 0.0 4.0 0.0
0.420450006946 5136056.79642 404132.113028 1.57 0.0 2456257.03501 0.0 4.0 0.0
0.422821967088 5137720.30732 404278.386555 1.57 0.0 2456257.03791 0.0 4.0 0.0
0.424008017779 5138331.31076 404348.112939 1.57 0.0 2456257.03935 0.0 4.0 0.0
0.426379967232 5138836.65772 404356.559086 1.57 0.0 2456257.04225 0.0 4.0 0.0
0.427565862177 5139906.79899 404444.670091 1.57 0.0 2456257.04369 0.0 4.0 0.0
0.42875190676 5137984.97929 404286.98482 1.57 0.0 2456257.04514 0.0 4.0 0.0
0.429937801323 5138248.67885 404335.085425 1.57 0.0 2456257.04659 0.0 4.0 0.0
0.431123841325 5138725.95664 404347.332534 1.57 0.0 2456257.04803 0.0 4.0 0.0
0.432309728254 5136381.82275 404179.279371 1.57 0.0 2456257.04948 0.0 4.0 0.0
0.433495767875 5138171.70539 404335.648924 1.57 0.0 2456257.05093 0.0 4.0 0.0
0.434681649841 5138547.931 404328.700877 1.57 0.0 2456257.05237 0.0 4.0 0.0
0.435867680682 5137124.35319 404230.851167 1.57 0.0 2456257.05382 0.0 4.0 0.0
0.437053562266 5135979.70164 404114.461518 1.57 0.0 2456257.05527 0.0 4.0 0.0
0.438239588908 5135773.28906 404129.05953 1.57 0.0 2456257.05671 0.0 4.0 0.0
0.439425462476 5135112.85483 404073.435104 1.57 0.0 2456257.05816 0.0 4.0 0.0
0.4406114895 5133204.27305 403956.711868 1.57 0.0 2456257.05961 0.0 4.0 0.0
0.441797359632 5135117.52656 404054.191235 1.57 0.0 2456257.06105 0.0 4.0 0.0
0.442983379785 5134487.05008 404034.17329 1.57 0.0 2456257.0625 0.0 4.0 0.0
0.444169251826 5134615.14188 404053.277977 1.57 0.0 2456257.06395 0.0 4.0 0.0
0.44535527465 5133421.88382 403939.06525 1.57 0.0 2456257.06539 0.0 4.0 0.0
0.446541137148 5134832.392 404043.733468 1.57 0.0 2456257.06684 0.0 4.0 0.0
0.447727159591 5134647.24437 404044.450762 1.57 0.0 2456257.06829 0.0 4.0 0.0
0.448913030487 5134514.10711 404022.497881 1.57 0.0 2456257.06973 0.0 4.0 0.0
0.473751817625 5120779.84201 402887.201202 1.57 0.0 2456257.10003 0.0 4.0 0.0
0.474937865644 5123030.48915 403140.081352 1.57 0.0 2456257.10148 0.0 4.0 0.0
0.477309825403 5124972.28796 403265.438795 1.57 0.0 2456257.10437 0.0 4.0 0.0
0.478495719967 5125138.41243 403309.697201 1.57 0.0 2456257.10582 0.0 4.0 0.0
0.47968177333 5125593.795 403368.266253 1.57 0.0 2456257.10727 0.0 4.0 0.0
0.480867673619 5122731.72145 403157.139229 1.57 0.0 2456257.10871 0.0 4.0 0.0
0.482053719729 5126366.02464 403390.220606 1.57 0.0 2456257.11016 0.0 4.0 0.0
0.483239612383 5123531.11743 403186.700524 1.57 0.0 2456257.11161 0.0 4.0 0.0
0.484425658875 5125333.24682 403305.379084 1.57 0.0 2456257.11305 0.0 4.0 0.0
0.485611547331 5125467.78394 403299.681853 1.57 0.0 2456257.1145 0.0 4.0 0.0
0.486797585424 5126517.28471 403426.241198 1.57 0.0 2456257.11595 0.0 4.0 0.0
0.487983473498 5127200.1515 403502.891901 1.57 0.0 2456257.11739 0.0 4.0 0.0
0.489169507011 5126991.41737 403449.749741 1.57 0.0 2456257.11884 0.0 4.0 0.0
0.490355385924 5128630.24802 403562.264813 1.57 0.0 2456257.12029 0.0 4.0 0.0
0.491541419437 5129309.20167 403638.236902 1.57 0.0 2456257.12173 0.0 4.0 0.0
0.49272729415 5131715.92546 403819.910712 1.57 0.0 2456257.12318 0.0 4.0 0.0
0.493913319265 5129768.76367 403690.133044 1.57 0.0 2456257.12463 0.0 4.0 0.0
0.495099194741 5131422.79429 403769.372192 1.57 0.0 2456257.12607 0.0 4.0 0.0
0.496285216421 5131509.23608 403797.407784 1.57 0.0 2456257.12752 0.0 4.0 0.0
0.497471085027 5132317.67489 403847.430359 1.57 0.0 2456257.12897 0.0 4.0 0.0
0.499842975693 5131799.62656 403850.529973 1.57 0.0 2456257.13186 0.0 4.0 0.0
-0.496599113106 5129981.30471 403651.300298 1.57 0.0 2456257.1362 0.0 4.0 0.0
-0.471750918233 5118974.97435 402804.182337 1.57 0.0 2456257.16651 0.0 4.0 0.0
-0.468192911218 5128505.52727 403550.957508 1.57 0.0 2456257.17085 0.0 4.0 0.0
-0.467007012455 5127395.6601 403489.039554 1.57 0.0 2456257.1723 0.0 4.0 0.0
-0.465820963673 5131865.42105 403837.107599 1.57 0.0 2456257.17375 0.0 4.0 0.0
-0.464635063766 5130196.55443 403704.011205 1.57 0.0 2456257.17519 0.0 4.0 0.0
-0.463449013457 5131600.55443 403778.312719 1.57 0.0 2456257.17664 0.0 4.0 0.0
-0.46226312462 5133657.97825 403953.76609 1.57 0.0 2456257.17809 0.0 4.0 0.0
-0.46107707851 5133274.32299 403916.467916 1.57 0.0 2456257.17953 0.0 4.0 0.0
-0.459891186237 5134953.0996 404047.322824 1.57 0.0 2456257.18098 0.0 4.0 0.0
-0.458705152342 5134798.73477 404051.823339 1.57 0.0 2456257.18243 0.0 4.0 0.0
-0.45751926465 5136528.56793 404212.047172 1.57 0.0 2456257.18387 0.0 4.0 0.0
-0.456333226938 5136690.64947 404188.70832 1.57 0.0 2456257.18532 0.0 4.0 0.0
-0.455147351843 5135750.66146 404099.845265 1.57 0.0 2456257.18677 0.0 4.0 0.0
-0.453961319093 5137098.3707 404219.614351 1.57 0.0 2456257.18821 0.0 4.0 0.0
-0.452775439799 5136467.38595 404173.570892 1.57 0.0 2456257.18966 0.0 4.0 0.0
-0.451589419265 5135442.92227 404103.098065 1.57 0.0 2456257.19111 0.0 4.0 0.0
-0.450403543789 5135558.54573 404131.560251 1.57 0.0 2456257.19255 0.0 4.0 0.0
