#time 		photoelectrons 	error 		visit 	orbit 	scan 	wave_center 	wave_start 	wave_end
0.345126933741 5171871.26429 611511.927777 1.56 0.0 2456306.95783 1.0 9.0 0.0
0.34631307681 5200288.82458 614807.087856 1.56 0.0 2456306.95928 1.0 9.0 0.0
0.347498911442 5209467.7715 615834.161198 1.56 0.0 2456306.96073 1.0 9.0 0.0
0.348684744547 5216951.13433 616676.319108 1.56 0.0 2456306.96217 1.0 9.0 0.0
0.34987057956 5220952.37137 617168.595566 1.56 0.0 2456306.96362 1.0 9.0 0.0
0.35105671156 5225818.59575 617716.637826 1.56 0.0 2456306.96507 1.0 9.0 0.0
0.352242537411 5230112.60265 618201.052304 1.56 0.0 2456306.96651 1.0 9.0 0.0
0.353428365554 5230202.42721 618199.3135 1.56 0.0 2456306.96796 1.0 9.0 0.0
0.354614185679 5229681.99417 618122.885944 1.56 0.0 2456306.96941 1.0 9.0 0.0
0.355800306609 5230457.11321 618237.77194 1.56 0.0 2456306.97085 1.0 9.0 0.0
0.356986124826 5232267.81135 618414.589213 1.56 0.0 2456306.9723 1.0 9.0 0.0
0.358171936172 5233698.77121 618631.044923 1.56 0.0 2456306.97375 1.0 9.0 0.0
0.359357744464 5232269.26803 618424.090063 1.56 0.0 2456306.97519 1.0 9.0 0.0
0.360543856995 5230462.53372 618191.547745 1.56 0.0 2456306.97664 1.0 9.0 0.0
0.36172965918 5230577.15321 618234.32496 1.56 0.0 2456306.97809 1.0 9.0 0.0
0.362915459074 5230828.43242 618266.086834 1.56 0.0 2456306.97953 1.0 9.0 0.0
0.364101260495 5229018.63325 618042.170096 1.56 0.0 2456306.98098 1.0 9.0 0.0
0.365287363483 5227253.14791 617803.838331 1.56 0.0 2456306.98243 1.0 9.0 0.0
0.366473152689 5227316.15049 617801.158213 1.56 0.0 2456306.98387 1.0 9.0 0.0
0.367658949147 5226685.95126 617806.429451 1.56 0.0 2456306.98532 1.0 9.0 0.0
0.368844745224 5226079.03472 617728.016162 1.56 0.0 2456306.98677 1.0 9.0 0.0
0.370030835233 5224549.24282 617521.547471 1.56 0.0 2456306.98821 1.0 9.0 0.0
0.371216630547 5227143.11993 617872.388179 1.56 0.0 2456306.98966 1.0 9.0 0.0
0.37240242586 5225663.04642 617689.410148 1.56 0.0 2456306.99111 1.0 9.0 0.0
0.397837392006 5224987.00628 617500.888 1.56 0.0 2456307.02213 1.0 9.0 0.0
0.399023527822 5228486.46395 617961.151105 1.56 0.0 2456307.02358 1.0 9.0 0.0
0.400209367798 5229082.52474 618090.966633 1.56 0.0 2456307.02503 1.0 9.0 0.0
0.401395206629 5233831.07047 618584.438258 1.56 0.0 2456307.02647 1.0 9.0 0.0
0.402581036298 5234287.79578 618648.363036 1.56 0.0 2456307.02792 1.0 9.0 0.0
0.403767175932 5232428.80068 618481.361317 1.56 0.0 2456307.02937 1.0 9.0 0.0
0.40613883298 5234276.88148 618667.058885 1.56 0.0 2456307.03226 1.0 9.0 0.0
0.407324661885 5234554.40122 618707.081767 1.56 0.0 2456307.03371 1.0 9.0 0.0
0.409696605613 5233359.89641 618562.134883 1.56 0.0 2456307.0366 1.0 9.0 0.0
0.410882425357 5233814.51046 618589.447707 1.56 0.0 2456307.03805 1.0 9.0 0.0
0.412068242811 5230282.86785 618217.72493 1.56 0.0 2456307.03949 1.0 9.0 0.0
0.413254355342 5230343.49093 618197.917271 1.56 0.0 2456307.04094 1.0 9.0 0.0
0.414440162107 5231547.48524 618375.39134 1.56 0.0 2456307.04239 1.0 9.0 0.0
0.415625969636 5231674.26974 618392.036816 1.56 0.0 2456307.04383 1.0 9.0 0.0
0.416811770675 5230780.21433 618283.463118 1.56 0.0 2456307.04528 1.0 9.0 0.0
0.417997872518 5231005.25597 618225.696027 1.56 0.0 2456307.04673 1.0 9.0 0.0
0.419183673176 5229566.30526 618078.77069 1.56 0.0 2456307.04817 1.0 9.0 0.0
0.420369467344 5229551.42137 618091.755378 1.56 0.0 2456307.04962 1.0 9.0 0.0
0.452303218394 5220666.79854 617057.244283 1.56 0.0 2456307.08858 1.0 9.0 0.0
0.453489058752 5222479.53022 617294.938083 1.56 0.0 2456307.09002 1.0 9.0 0.0
0.454674899109 5221109.76155 617154.036039 1.56 0.0 2456307.09147 1.0 9.0 0.0
0.455860729923 5223220.98109 617337.953167 1.56 0.0 2456307.09291 1.0 9.0 0.0
0.457046870702 5221523.63089 617175.607895 1.56 0.0 2456307.09436 1.0 9.0 0.0
0.458232706479 5221332.53136 617125.439567 1.56 0.0 2456307.09581 1.0 9.0 0.0
0.459418532331 5217965.95333 616839.828393 1.56 0.0 2456307.09726 1.0 9.0 0.0
0.460604363527 5217557.99791 616695.55516 1.56 0.0 2456307.0987 1.0 9.0 0.0
0.461790495908 5216935.76393 616655.54522 1.56 0.0 2456307.10015 1.0 9.0 0.0
0.462976313362 5216260.41569 616564.728129 1.56 0.0 2456307.1016 1.0 9.0 0.0
0.464162136542 5216649.34429 616610.595809 1.56 0.0 2456307.10304 1.0 9.0 0.0
0.465347956286 5217663.54099 616757.514427 1.56 0.0 2456307.10449 1.0 9.0 0.0
0.466534072253 5217404.62738 616696.011347 1.56 0.0 2456307.10594 1.0 9.0 0.0
0.46771988169 5218712.02757 616864.470071 1.56 0.0 2456307.10738 1.0 9.0 0.0
0.468905692273 5216144.90342 616617.424001 1.56 0.0 2456307.10883 1.0 9.0 0.0
0.470091496366 5218033.98868 616769.73209 1.56 0.0 2456307.11027 1.0 9.0 0.0
0.471277600499 5220838.98179 617111.890473 1.56 0.0 2456307.11172 1.0 9.0 0.0
0.472463403065 5218685.38293 616857.452941 1.56 0.0 2456307.11317 1.0 9.0 0.0
0.473649199524 5220557.39367 617048.178978 1.56 0.0 2456307.11461 1.0 9.0 0.0
0.474834994074 5220487.23354 617062.257497 1.56 0.0 2456307.11606 1.0 9.0 0.0
0.476021094771 5219338.55872 616896.65699 1.56 0.0 2456307.11751 1.0 9.0 0.0
0.477206886649 5221129.69402 617132.816744 1.56 0.0 2456307.11895 1.0 9.0 0.0
0.478392829692 5219087.23303 616954.162007 1.56 0.0 2456307.1204 1.0 9.0 0.0
0.479578473077 5219614.23033 616939.128634 1.56 0.0 2456307.12185 1.0 9.0 0.0
0.480764567667 5219190.20764 616891.768012 1.56 0.0 2456307.12329 1.0 9.0 0.0
-0.49322169025 5207954.87519 615544.444583 1.56 0.0 2456307.15503 1.0 9.0 0.0
-0.492036001439 5214330.94308 616258.419585 1.56 0.0 2456307.15647 1.0 9.0 0.0
-0.490849862568 5216047.6511 616495.250343 1.56 0.0 2456307.15792 1.0 9.0 0.0
-0.489664027937 5215052.47608 616441.676765 1.56 0.0 2456307.15937 1.0 9.0 0.0
-0.488478038704 5217517.80452 616754.942961 1.56 0.0 2456307.16081 1.0 9.0 0.0
-0.487292358674 5218411.79481 616799.054874 1.56 0.0 2456307.16226 1.0 9.0 0.0
-0.486106225529 5221505.07267 617240.238191 1.56 0.0 2456307.16371 1.0 9.0 0.0
-0.484920394333 5220355.31543 617056.878251 1.56 0.0 2456307.16515 1.0 9.0 0.0
-0.483734418079 5221864.31625 617202.376987 1.56 0.0 2456307.1666 1.0 9.0 0.0
-0.482548747973 5223068.18712 617394.170494 1.56 0.0 2456307.16805 1.0 9.0 0.0
-0.4813626217 5223174.65741 617395.548277 1.56 0.0 2456307.16949 1.0 9.0 0.0
-0.480176801956 5222639.91132 617243.880355 1.56 0.0 2456307.17094 1.0 9.0 0.0
-0.478990841735 5222939.78296 617276.411138 1.56 0.0 2456307.17239 1.0 9.0 0.0
-0.476619065969 5222804.52744 617289.27848 1.56 0.0 2456307.17528 1.0 9.0 0.0
-0.474247309671 5222366.16608 617232.966817 1.56 0.0 2456307.17817 1.0 9.0 0.0
-0.470689764168 5220830.90201 617093.026959 1.56 0.0 2456307.18251 1.0 9.0 0.0
-0.468318179267 5217540.47978 616735.360183 1.56 0.0 2456307.18541 1.0 9.0 0.0
-0.46713208086 5217238.1222 616695.495365 1.56 0.0 2456307.18685 1.0 9.0 0.0
-0.465946285165 5217499.89103 616715.998326 1.56 0.0 2456307.1883 1.0 9.0 0.0
-0.464760346321 5217239.0324 616650.563847 1.56 0.0 2456307.18975 1.0 9.0 0.0
-0.438756315066 5209779.65879 615718.112358 1.56 0.0 2456307.22147 1.0 9.0 0.0
-0.437570175432 5214875.19357 616380.907887 1.56 0.0 2456307.22292 1.0 9.0 0.0
-0.436384340037 5214040.0709 616354.806953 1.56 0.0 2456307.22436 1.0 9.0 0.0
-0.43519834966 5215078.45434 616441.10501 1.56 0.0 2456307.22581 1.0 9.0 0.0
-0.43401266772 5217272.05314 616687.024391 1.56 0.0 2456307.22726 1.0 9.0 0.0
-0.432826533049 5218517.61682 616831.142314 1.56 0.0 2456307.2287 1.0 9.0 0.0
-0.431640699562 5221705.98247 617259.834334 1.56 0.0 2456307.23015 1.0 9.0 0.0
-0.430454720637 5219569.75783 616906.403999 1.56 0.0 2456307.2316 1.0 9.0 0.0
-0.429269047859 5217772.27364 616782.273659 1.56 0.0 2456307.23304 1.0 9.0 0.0
-0.428082918531 5220542.25207 617041.096092 1.56 0.0 2456307.23449 1.0 9.0 0.0
-0.426897095733 5220067.83231 617030.941576 1.56 0.0 2456307.23594 1.0 9.0 0.0
-0.425711132459 5221106.95784 617132.588148 1.56 0.0 2456307.23738 1.0 9.0 0.0
-0.424525467315 5221693.99049 617239.010474 1.56 0.0 2456307.23883 1.0 9.0 0.0
-0.423339350585 5220739.79645 617065.442339 1.56 0.0 2456307.24028 1.0 9.0 0.0
-0.422153548019 5220422.94221 617006.692997 1.56 0.0 2456307.24172 1.0 9.0 0.0
-0.420967588562 5220242.94013 616975.531974 1.56 0.0 2456307.24317 1.0 9.0 0.0
-0.419781935252 5221100.49791 617123.933565 1.56 0.0 2456307.24461 1.0 9.0 0.0
-0.418595837226 5219757.94698 616924.280127 1.56 0.0 2456307.24606 1.0 9.0 0.0
-0.41741003695 5220608.72914 617112.626044 1.56 0.0 2456307.24751 1.0 9.0 0.0
-0.416224086654 5219603.68784 616921.592766 1.56 0.0 2456307.24895 1.0 9.0 0.0
0.318950816244 5197344.69511 614275.316381 1.56 0.0 2456256.9112 0.0 4.0 0.0
0.320136860827 5217227.0763 616604.704326 1.56 0.0 2456256.91264 0.0 4.0 0.0
0.321322755008 5226842.36889 617682.5915 1.56 0.0 2456256.91409 0.0 4.0 0.0
0.322508795011 5233566.47243 618464.699331 1.56 0.0 2456256.91554 0.0 4.0 0.0
0.323694680794 5234654.88298 618614.144998 1.56 0.0 2456256.91698 0.0 4.0 0.0
0.324880720415 5238369.33522 619012.622304 1.56 0.0 2456256.91843 0.0 4.0 0.0
0.326066601236 5239640.5674 619121.789403 1.56 0.0 2456256.91988 0.0 4.0 0.0
0.327252632077 5238280.68965 618984.862453 1.56 0.0 2456256.92132 0.0 4.0 0.0
0.328438512897 5239351.32829 619090.014782 1.56 0.0 2456256.92277 0.0 4.0 0.0
0.329624539158 5238518.59315 618963.311837 1.56 0.0 2456256.92422 0.0 4.0 0.0
0.330810411581 5240223.37418 619168.044031 1.56 0.0 2456256.92566 0.0 4.0 0.0
0.331996438986 5240670.64881 619186.343782 1.56 0.0 2456256.92711 0.0 4.0 0.0
0.333182308355 5243007.26542 619484.166225 1.56 0.0 2456256.92856 0.0 4.0 0.0
0.334368328507 5241110.54116 619282.811186 1.56 0.0 2456256.93 0.0 4.0 0.0
0.335554200167 5241249.24065 619275.235418 1.56 0.0 2456256.93145 0.0 4.0 0.0
0.336740222991 5239669.4154 619093.358918 1.56 0.0 2456256.9329 0.0 4.0 0.0
0.337926085489 5239753.32589 619138.841447 1.56 0.0 2456256.93434 0.0 4.0 0.0
0.339112108314 5237535.94807 618823.975269 1.56 0.0 2456256.93579 0.0 4.0 0.0
0.34029797921 5238349.61724 618985.86235 1.56 0.0 2456256.93724 0.0 4.0 0.0
0.364766831063 5222639.23988 617128.260872 1.56 0.0 2456256.96709 0.0 4.0 0.0
0.365952731734 5227854.73333 617715.630549 1.56 0.0 2456256.96853 0.0 4.0 0.0
0.367138787769 5228222.16769 617765.249123 1.56 0.0 2456256.96998 0.0 4.0 0.0
0.368324692257 5231282.93514 618117.814635 1.56 0.0 2456256.97143 0.0 4.0 0.0
0.369510739131 5232185.28294 618219.302929 1.56 0.0 2456256.97287 0.0 4.0 0.0
0.370696640947 5230857.46635 618059.821719 1.56 0.0 2456256.97432 0.0 4.0 0.0
0.371882693165 5233062.85397 618354.182835 1.56 0.0 2456256.97577 0.0 4.0 0.0
0.37306858391 5232655.29967 618261.943003 1.56 0.0 2456256.97721 0.0 4.0 0.0
0.374254632311 5232961.2559 618324.492821 1.56 0.0 2456256.97866 0.0 4.0 0.0
0.375440527638 5233740.06484 618413.007652 1.56 0.0 2456256.98011 0.0 4.0 0.0
0.378998494571 5231382.2013 618119.937844 1.56 0.0 2456256.98445 0.0 4.0 0.0
0.380184372338 5230513.45286 618040.33246 1.56 0.0 2456256.98589 0.0 4.0 0.0
0.381370407378 5230346.89225 617995.840711 1.56 0.0 2456256.98734 0.0 4.0 0.0
0.382556288962 5230598.23105 618012.604558 1.56 0.0 2456256.98879 0.0 4.0 0.0
0.383742311787 5227496.0514 617616.978676 1.56 0.0 2456256.99023 0.0 4.0 0.0
0.384928189172 5226900.2876 617526.940639 1.56 0.0 2456256.99168 0.0 4.0 0.0
0.386114216578 5226029.70279 617506.595813 1.56 0.0 2456256.99313 0.0 4.0 0.0
0.387300082511 5226183.37591 617523.731091 1.56 0.0 2456256.99457 0.0 4.0 0.0
0.388486106863 5226043.68427 617528.346052 1.56 0.0 2456256.99602 0.0 4.0 0.0
0.389671978904 5225918.29228 617484.946748 1.56 0.0 2456256.99747 0.0 4.0 0.0
0.390857997529 5224460.14398 617339.563252 1.56 0.0 2456256.99891 0.0 4.0 0.0
0.392043864226 5226834.62686 617596.214678 1.56 0.0 2456257.00036 0.0 4.0 0.0
0.393229886669 5225119.64453 617397.073262 1.56 0.0 2456257.00181 0.0 4.0 0.0
0.394415753366 5225264.31685 617418.301515 1.56 0.0 2456257.00325 0.0 4.0 0.0
0.395601772755 5227258.39703 617718.456363 1.56 0.0 2456257.0047 0.0 4.0 0.0
0.419264110474 5222116.4373 616987.332595 1.56 0.0 2456257.03357 0.0 4.0 0.0
0.420450006946 5225187.53327 617365.0164 1.56 0.0 2456257.03501 0.0 4.0 0.0
0.422821967088 5225751.65185 617469.017418 1.56 0.0 2456257.03791 0.0 4.0 0.0
0.424008017779 5227513.28755 617701.548055 1.56 0.0 2456257.03935 0.0 4.0 0.0
0.426379967232 5228784.71231 617799.404446 1.56 0.0 2456257.04225 0.0 4.0 0.0
0.427565862177 5228811.66344 617824.681391 1.56 0.0 2456257.04369 0.0 4.0 0.0
0.42875190676 5226779.37031 617559.931092 1.56 0.0 2456257.04514 0.0 4.0 0.0
0.429937801323 5227748.00023 617718.980292 1.56 0.0 2456257.04659 0.0 4.0 0.0
0.431123841325 5226939.5858 617576.723902 1.56 0.0 2456257.04803 0.0 4.0 0.0
0.432309728254 5225153.47456 617408.657589 1.56 0.0 2456257.04948 0.0 4.0 0.0
0.433495767875 5227273.25414 617680.450588 1.56 0.0 2456257.05093 0.0 4.0 0.0
0.434681649841 5226021.9924 617475.076462 1.56 0.0 2456257.05237 0.0 4.0 0.0
0.435867680682 5225457.2579 617432.095189 1.56 0.0 2456257.05382 0.0 4.0 0.0
0.437053562266 5224191.44252 617248.685058 1.56 0.0 2456257.05527 0.0 4.0 0.0
0.438239588908 5224146.94829 617279.502909 1.56 0.0 2456257.05671 0.0 4.0 0.0
0.439425462476 5222742.73666 617119.874413 1.56 0.0 2456257.05816 0.0 4.0 0.0
0.4406114895 5220418.47141 616882.168744 1.56 0.0 2456257.05961 0.0 4.0 0.0
0.441797359632 5223410.29678 617166.263958 1.56 0.0 2456257.06105 0.0 4.0 0.0
0.442983379785 5223323.26618 617186.083496 1.56 0.0 2456257.0625 0.0 4.0 0.0
0.444169251826 5222926.88035 617161.997043 1.56 0.0 2456257.06395 0.0 4.0 0.0
0.44535527465 5222899.77298 617126.626282 1.56 0.0 2456257.06539 0.0 4.0 0.0
0.446541137148 5222885.76946 617104.776429 1.56 0.0 2456257.06684 0.0 4.0 0.0
0.447727159591 5222882.51561 617125.775433 1.56 0.0 2456257.06829 0.0 4.0 0.0
0.448913030487 5223064.12818 617139.911358 1.56 0.0 2456257.06973 0.0 4.0 0.0
0.473751817625 5208705.98513 615347.595942 1.56 0.0 2456257.10003 0.0 4.0 0.0
0.474937865644 5210687.85534 615713.470187 1.56 0.0 2456257.10148 0.0 4.0 0.0
0.477309825403 5212521.69104 615890.521358 1.56 0.0 2456257.10437 0.0 4.0 0.0
0.478495719967 5212416.76067 615919.42939 1.56 0.0 2456257.10582 0.0 4.0 0.0
0.47968177333 5213816.83567 616116.430164 1.56 0.0 2456257.10727 0.0 4.0 0.0
0.480867673619 5210331.09516 615730.847676 1.56 0.0 2456257.10871 0.0 4.0 0.0
0.482053719729 5213963.01913 616074.654966 1.56 0.0 2456257.11016 0.0 4.0 0.0
0.483239612383 5211793.56827 615847.801914 1.56 0.0 2456257.11161 0.0 4.0 0.0
0.484425658875 5213273.38122 615985.09601 1.56 0.0 2456257.11305 0.0 4.0 0.0
0.485611547331 5213203.18419 615956.934843 1.56 0.0 2456257.1145 0.0 4.0 0.0
0.486797585424 5213590.47597 616054.012561 1.56 0.0 2456257.11595 0.0 4.0 0.0
0.487983473498 5214899.58544 616279.273085 1.56 0.0 2456257.11739 0.0 4.0 0.0
0.489169507011 5214714.73012 616184.761661 1.56 0.0 2456257.11884 0.0 4.0 0.0
0.490355385924 5216096.59837 616317.834601 1.56 0.0 2456257.12029 0.0 4.0 0.0
0.491541419437 5216636.04612 616426.07071 1.56 0.0 2456257.12173 0.0 4.0 0.0
0.49272729415 5218696.23783 616657.087781 1.56 0.0 2456257.12318 0.0 4.0 0.0
0.493913319265 5217739.42696 616578.620264 1.56 0.0 2456257.12463 0.0 4.0 0.0
0.495099194741 5219901.5074 616748.370144 1.56 0.0 2456257.12607 0.0 4.0 0.0
0.496285216421 5219685.26709 616763.6432 1.56 0.0 2456257.12752 0.0 4.0 0.0
0.497471085027 5220003.04367 616778.19638 1.56 0.0 2456257.12897 0.0 4.0 0.0
0.499842975693 5219162.52397 616720.293507 1.56 0.0 2456257.13186 0.0 4.0 0.0
-0.496599113106 5217240.77468 616420.319899 1.56 0.0 2456257.1362 0.0 4.0 0.0
-0.471750918233 5205341.77615 615045.249953 1.56 0.0 2456257.16651 0.0 4.0 0.0
-0.468192911218 5215338.98597 616241.054421 1.56 0.0 2456257.17085 0.0 4.0 0.0
-0.467007012455 5214919.56218 616214.68864 1.56 0.0 2456257.1723 0.0 4.0 0.0
-0.465820963673 5219332.18923 616732.785835 1.56 0.0 2456257.17375 0.0 4.0 0.0
-0.464635063766 5216711.0016 616419.298389 1.56 0.0 2456257.17519 0.0 4.0 0.0
-0.463449013457 5218770.48031 616606.252046 1.56 0.0 2456257.17664 0.0 4.0 0.0
-0.46226312462 5219927.7383 616773.703138 1.56 0.0 2456257.17809 0.0 4.0 0.0
-0.46107707851 5220879.9476 616873.101356 1.56 0.0 2456257.17953 0.0 4.0 0.0
-0.459891186237 5222331.84405 617041.228991 1.56 0.0 2456257.18098 0.0 4.0 0.0
-0.458705152342 5221799.23714 617007.656645 1.56 0.0 2456257.18243 0.0 4.0 0.0
-0.45751926465 5223786.56083 617271.490297 1.56 0.0 2456257.18387 0.0 4.0 0.0
-0.456333226938 5224453.03962 617300.381883 1.56 0.0 2456257.18532 0.0 4.0 0.0
-0.455147351843 5222806.20344 617079.974209 1.56 0.0 2456257.18677 0.0 4.0 0.0
-0.453961319093 5224391.21055 617297.840133 1.56 0.0 2456257.18821 0.0 4.0 0.0
-0.452775439799 5222867.26602 617103.57976 1.56 0.0 2456257.18966 0.0 4.0 0.0
-0.451589419265 5222279.57161 617055.078008 1.56 0.0 2456257.19111 0.0 4.0 0.0
-0.450403543789 5223426.46847 617225.005509 1.56 0.0 2456257.19255 0.0 4.0 0.0
