0 2456306.95783 13 24.3611 0.0
1 2456306.95928 13 26.0927 -0.622777917638
2 2456306.96073 11 28.1857 -0.477577808865
3 2456306.96217 10 31.6799 -0.86068665312
4 2456306.96362 10 24.3882 -0.577803488161
5 2456306.96507 14 26.4849 -1.16212473576
6 2456306.96651 12 15.6172 -1.00966731823
7 2456306.96796 11 20.5849 -1.37912209869
8 2456306.96941 14 25.6389 -1.59016399526
9 2456306.97085 10 16.8054 -2.05459406057
10 2456306.9723 13 16.8256 -2.44581582137
11 2456306.97375 12 14.8404 -2.84909455958
12 2456306.97519 13 20.349 -3.06107059705
13 2456306.97664 9 20.7742 -3.39069347635
14 2456306.97809 11 15.8096 -3.80996437787
15 2456306.97953 11 17.6216 -4.11250000334
16 2456306.98098 11 21.6317 -4.49391915624
17 2456306.98243 12 18.0754 -5.52584920315
18 2456306.98387 10 22.5271 -6.93743931083
19 2456306.98532 12 14.3193 -7.28335506668
20 2456306.98677 10 21.4307 -8.02311929112
21 2456306.98821 10 24.764 -8.39795018548
22 2456306.98966 9 18.3796 -8.44738003559
23 2456306.99111 9 24.1804 -9.11265599094
24 2456307.02213 10 31.4515 -6.14406260212
25 2456307.02358 9 27.7167 -5.95049328513
26 2456307.02503 10 22.9297 -5.93432166664
27 2456307.02647 10 29.0406 -5.86041450207
28 2456307.02792 10 19.2994 -5.99329112944
29 2456307.02937 12 28.4826 -5.94650685869
30 2456307.03226 12 20.6824 -6.62549857511
31 2456307.03371 16 23.7015 -7.11646887406
32 2456307.0366 12 17.5437 -7.63695234186
33 2456307.03805 11 24.2943 -8.13130324987
34 2456307.03949 12 24.4417 -8.39080207005
35 2456307.04094 11 25.0074 -8.90329435855
36 2456307.04239 12 24.7914 -8.90175860288
37 2456307.04383 12 14.0993 -9.36417459577
38 2456307.04528 12 21.4769 -9.86120206472
39 2456307.04673 17 19.287 -9.84423284471
40 2456307.04817 13 20.7674 -10.966566603
41 2456307.04962 11 23.3534 -11.9075732866
42 2456307.08858 11 35.5195 -12.3157740179
43 2456307.09002 11 32.1064 -12.5534153663
44 2456307.09147 13 25.2941 -12.2939220772
45 2456307.09291 15 26.1503 -12.4320070414
46 2456307.09436 11 22.0606 -12.4920860795
47 2456307.09581 10 23.2018 -12.4571993942
48 2456307.09726 12 25.1368 -12.4823340209
49 2456307.0987 10 25.2834 -12.8726113021
50 2456307.10015 11 21.548 -13.3959284324
51 2456307.1016 14 17.6295 -13.4591222991
52 2456307.10304 12 21.0353 -14.0907223866
53 2456307.10449 9 14.6765 -14.2399208619
54 2456307.10594 11 20.4851 -14.6507272509
55 2456307.10738 12 23.3293 -14.9726796189
56 2456307.10883 13 22.7475 -15.183750802
57 2456307.11027 14 19.8726 -15.549684543
58 2456307.11172 9 21.4389 -15.8884676563
59 2456307.11317 14 22.71 -16.062851037
60 2456307.11461 14 21.2937 -16.7950265795
61 2456307.11606 11 25.8185 -17.9534861235
62 2456307.11751 12 14.9478 -19.03137061
63 2456307.11895 13 19.8557 -20.0531288274
64 2456307.1204 18 19.3382 -20.1978320281
65 2456307.12185 11 18.0211 -20.7567500489
66 2456307.12329 15 20.2466 -21.3244731978
67 2456307.15503 13 40.3737 -18.5382308016
68 2456307.15647 12 30.206 -18.6220118385
69 2456307.15792 12 27.2847 -18.5057978889
70 2456307.15937 10 24.6897 -18.5997575391
71 2456307.16081 13 23.7823 -18.5703050543
72 2456307.16226 12 25.2997 -18.7189947889
73 2456307.16371 10 18.538 -18.9367174328
74 2456307.16515 11 20.231 -19.0365274825
75 2456307.1666 15 22.8126 -19.2635377291
76 2456307.16805 13 23.223 -19.7838151194
77 2456307.16949 13 20.849 -20.247127267
78 2456307.17094 11 20.6957 -20.4607435939
79 2456307.17239 10 17.7542 -20.9084327594
80 2456307.17528 15 19.0276 -21.5351991748
81 2456307.17817 11 18.7803 -22.1017051181
82 2456307.18251 16 16.4064 -24.0402201221
83 2456307.18541 14 14.3679 -25.673799963
84 2456307.18685 14 15.535 -25.9286580515
85 2456307.1883 13 21.1962 -26.6472381345
86 2456307.18975 14 22.0792 -27.3117862228
87 2456307.22147 13 42.5031 -24.5643102211
88 2456307.22292 11 33.2572 -24.8264326385
89 2456307.22436 12 31.6928 -24.3238512751
90 2456307.22581 14 24.6077 -24.4469165325
91 2456307.22726 12 22.7769 -24.4585718622
92 2456307.2287 11 22.409 -24.581185358
93 2456307.23015 10 17.8408 -24.9816077325
94 2456307.2316 11 21.9928 -25.0302545723
95 2456307.23304 14 21.931 -25.5747450885
96 2456307.23449 15 20.4277 -25.7784978644
97 2456307.23594 13 18.7345 -26.0321900619
98 2456307.23738 15 22.2281 -26.3598040723
99 2456307.23883 12 17.5045 -26.8003713537
100 2456307.24028 13 18.8524 -27.0876405803
101 2456307.24172 18 18.4963 -27.5646262551
102 2456307.24317 14 12.1668 -27.5878879971
103 2456307.24461 14 20.0418 -27.8010413429
104 2456307.24606 13 21.546 -28.3171958185
105 2456307.24751 12 19.4765 -28.6355156581
106 2456307.24895 11 17.5865 -30.1783701964
107 2456256.9112 8 22.4948 -10.2426309227
108 2456256.91264 9 15.7569 -11.1238830523
109 2456256.91409 9 15.0574 -11.530867761
110 2456256.91554 6 16.0251 -11.9737777402
111 2456256.91698 7 14.2513 -12.7345840887
112 2456256.91843 7 12.7264 -13.3102552454
113 2456256.91988 7 17.5506 -13.9294016524
114 2456256.92132 10 19.5195 -14.3114894388
115 2456256.92277 8 14.6323 -14.697618434
116 2456256.92422 11 23.7144 -15.2258642986
117 2456256.92566 6 16.7675 -15.3691030421
118 2456256.92711 8 18.7561 -15.6276101762
119 2456256.92856 8 13.5372 -16.1863725136
120 2456256.93 7 17.8152 -16.4649518709
121 2456256.93145 7 17.1211 -16.8398614245
122 2456256.9329 9 15.6639 -17.1691950695
123 2456256.93434 8 10.9987 -17.5300958883
124 2456256.93579 10 23.6125 -17.792831146
125 2456256.93724 8 17.5118 -17.8307840673
126 2456256.96709 7 29.9027 -15.5568120101
127 2456256.96853 7 22.542 -16.0528182736
128 2456256.96998 7 22.8144 -16.4326367726
129 2456256.97143 5 23.9426 -16.9134497384
130 2456256.97287 8 21.9534 -17.4036097437
131 2456256.97432 7 20.2367 -18.1622606614
132 2456256.97577 9 18.7621 -18.6415989743
133 2456256.97721 11 18.9702 -19.3143884823
134 2456256.97866 6 23.7622 -20.0419667769
135 2456256.98011 10 14.9405 -20.4895045339
136 2456256.98445 7 19.6011 -22.777667878
137 2456256.98589 9 16.4542 -23.19757494
138 2456256.98734 9 13.374 -24.0332136484
139 2456256.98879 7 17.5177 -24.6181626019
140 2456256.99023 8 12.9221 -24.7857934455
141 2456256.99168 8 15.1124 -25.2396663377
142 2456256.99313 10 12.4171 -25.7722277563
143 2456256.99457 8 17.3901 -25.8691237754
144 2456256.99602 10 18.766 -26.2618176741
145 2456256.99747 11 19.9776 -26.5058986525
146 2456256.99891 9 11.2612 -26.8754761639
147 2456257.00036 10 15.1984 -27.1347265333
148 2456257.00181 9 17.1229 -27.787247866
149 2456257.00325 8 14.1243 -28.1804992205
150 2456257.0047 9 18.0867 -28.0565556762
151 2456257.03357 10 33.6161 -26.7995511146
152 2456257.03501 10 26.1393 -27.2265305207
153 2456257.03791 10 22.2211 -27.9550290203
154 2456257.03935 11 19.8367 -28.4754398971
155 2456257.04225 10 23.123 -29.5749116643
156 2456257.04369 9 15.579 -30.0145619084
157 2456257.04514 9 16.7369 -30.8671143972
158 2456257.04659 10 17.6741 -31.4798218539
159 2456257.04803 9 19.589 -31.782415528
160 2456257.04948 8 24.2585 -32.8591795595
161 2456257.05093 9 22.4346 -33.5301217799
162 2456257.05237 9 12.7941 -34.2250651707
163 2456257.05382 10 16.7946 -35.0502169179
164 2456257.05527 10 16.6276 -35.3330489555
165 2456257.05671 11 12.7152 -35.74686683
166 2456257.05816 14 14.6269 -36.191421278
167 2456257.05961 11 16.4335 -36.3641514996
168 2456257.06105 8 13.4509 -36.6564471789
169 2456257.0625 9 20.4632 -36.9744486607
170 2456257.06395 12 15.2138 -37.3327542737
171 2456257.06539 9 21.8297 -37.6049275441
172 2456257.06684 10 20.4902 -38.1843342255
173 2456257.06829 9 17.0477 -38.5125222249
174 2456257.06973 11 17.5555 -38.9403071725
175 2456257.10003 10 32.3442 -37.9718585603
176 2456257.10148 9 33.1092 -38.2394574268
177 2456257.10437 10 24.2784 -39.1270066802
178 2456257.10582 11 15.2053 -39.5086871734
179 2456257.10727 11 27.1086 -40.0119345113
180 2456257.10871 10 21.728 -40.5562856712
181 2456257.11016 9 21.9742 -41.3712557252
182 2456257.11161 11 19.8702 -41.694677402
183 2456257.11305 10 15.7358 -42.3492073841
184 2456257.1145 9 17.1695 -42.8109687461
185 2456257.11595 11 15.0349 -43.8770932295
186 2456257.11739 9 17.5391 -44.4588800708
187 2456257.11884 9 25.6176 -45.1241969061
188 2456257.12029 14 20.4798 -45.8885323388
189 2456257.12173 11 17.6516 -46.2496027093
190 2456257.12318 9 17.954 -46.6400113702
191 2456257.12463 11 18.4588 -47.3363880922
192 2456257.12607 12 21.2963 -47.45313257
193 2456257.12752 8 18.3291 -47.6801701814
194 2456257.12897 9 18.6948 -48.005294177
195 2456257.13186 12 16.6091 -48.4942869215
196 2456257.1362 12 20.2248 -49.7963525634
197 2456257.16651 11 31.638 -48.6750771718
198 2456257.17085 12 23.7545 -49.8644783055
199 2456257.1723 10 29.6035 -50.3688515239
200 2456257.17375 10 17.6438 -50.7345436216
201 2456257.17519 11 20.4782 -51.2537673151
202 2456257.17664 9 21.1266 -52.0487841532
203 2456257.17809 13 14.4981 -52.5638380525
204 2456257.17953 10 16.5402 -52.9901171192
205 2456257.18098 10 17.3196 -53.3617425833
206 2456257.18243 8 17.6045 -54.3277685523
207 2456257.18387 9 17.9249 -55.111205463
208 2456257.18532 10 19.8247 -55.7860891243
209 2456257.18677 12 17.5527 -56.473301435
210 2456257.18821 9 19.5429 -56.8919550221
211 2456257.18966 10 13.1396 -57.0888167645
212 2456257.19111 10 19.3711 -57.5235925778
213 2456257.19255 10 16.8817 -57.9042629334
