1.137 0.000705 0.000031 0.300 0.000 2.08
1.137 0.000705 0.000045 0.300 0.000 1.00
1.163 0.000770 0.000031 0.300 0.000 1.28
1.163 0.000770 0.000035 0.300 0.000 1.00
1.188 0.000660 0.000031 0.300 0.000 1.62
1.188 0.000660 0.000039 0.300 0.000 1.00
1.212 0.000731 0.000030 0.300 0.000 2.10
1.212 0.000731 0.000044 0.300 0.000 1.00
1.238 0.000626 0.000030 0.300 0.000 1.25
1.238 0.000626 0.000033 0.300 0.000 1.00
1.262 0.000731 0.000042 0.300 0.000 2.03
1.262 0.000731 0.000060 0.300 0.000 1.00
1.288 0.000882 0.000040 0.300 0.000 1.33
1.288 0.000882 0.000047 0.300 0.000 1.00
1.312 0.000789 0.000030 0.300 0.000 1.32
1.312 0.000789 0.000035 0.300 0.000 1.00
1.337 0.000200 0.000000 0.300 0.000 44.27
1.337 0.000844 0.000202 0.300 0.000 0.04
1.363 0.000812 0.000031 0.300 0.000 1.17
1.363 0.000812 0.000034 0.300 0.000 1.00
1.387 0.000200 0.000038 0.300 0.000 1026984.23
1.387 0.001045 0.045121 0.300 0.000 0.00
1.413 0.000946 0.000032 0.300 0.000 1.56
1.413 0.000946 0.000040 0.300 0.000 1.00
1.438 0.001074 0.000035 0.300 0.000 1.86
1.438 0.001074 0.000047 0.300 0.000 1.00
1.462 0.001125 0.000033 0.300 0.000 1.54
1.462 0.001125 0.000041 0.300 0.000 1.00
1.488 0.001221 0.000047 0.300 0.000 1.79
1.488 0.001221 0.000063 0.300 0.000 1.00
1.512 0.000207 0.000037 0.300 0.000 3132845.52
1.512 0.001069 0.086124 0.300 0.000 0.00
1.538 0.001091 0.000036 0.300 0.000 1.62
1.538 0.001091 0.000045 0.300 0.000 1.00
1.562 0.001148 0.000036 0.300 0.000 1.98
1.562 0.001148 0.000051 0.300 0.000 1.00
1.587 0.001146 0.000038 0.300 0.000 1.86
1.587 0.001146 0.000052 0.300 0.000 1.00
1.613 0.001108 0.000039 0.300 0.000 2.78
1.613 0.001108 0.000065 0.300 0.000 1.00
1.637 0.001101 0.000040 0.300 0.000 3.17
1.637 0.001101 0.000071 0.300 0.000 1.00
