822886522.126
822841036.565
823227822.065
823662934.838
823144915.377
823905342.531
823862765.446
823789048.193
823927984.603
823612668.845
823736682.7
823946257.646
823635990.854
823606068.397
823085971.511
823360945.363
823205450.236
823317126.267
822947638.69
823127515.197
823438068.402
823051566.571
823092252.61
823728782.258
823319815.09
823645652.551
823910127.739
823838379.856
823936515.353
823730826.265
823698726.578
824088342.327
823177548.111
823609147.641
823602052.245
823601084.11
823428074.839
823460952.367
823336302.96
823601094.268
823548183.756
823747699.395
824261432.715
823733485.076
824073020.008
824322832.51
824352334.584
822737416.421
823113343.842
823262510.46
823085922.313
823108290.627
823235237.792
823176645.872
823216809.539
823554185.269
823884240.588
823665123.78
823666500.33
824095343.222
824204894.091
824356309.452
824468631.182
824379718.94
824383202.902
824650036.579
824750721.183
824473293.383
823356575.789
822992951.084
823575793.796
823460578.148
823731973.755
824079055.693
824150632.931
824057935.628
824466666.693
824366695.892
824355467.09
824230067.616
824280649.504
824221130.314
823977418.217
824191640.722
