0 2456306.95783 12 24.3611 0.0
1 2456306.95928 10 26.0927 -0.639203224757
2 2456306.96073 10 28.1857 -0.511123906264
3 2456306.96217 7 31.6799 -0.937279685165
4 2456306.96362 9 24.3882 -0.614339164566
5 2456306.96507 12 26.4849 -1.15650683016
6 2456306.96651 11 15.6172 -0.985338745361
7 2456306.96796 10 20.5849 -1.4204967897
8 2456306.96941 12 25.6389 -1.5724423657
9 2456306.97085 9 16.8054 -2.06424667443
10 2456306.9723 11 16.8256 -2.48217578176
11 2456306.97375 10 14.8404 -2.802767874
12 2456306.97519 11 20.349 -3.04975605717
13 2456306.97664 8 20.7742 -3.38452020156
14 2456306.97809 10 15.8096 -3.8757990302
15 2456306.97953 10 17.6216 -4.05896194199
16 2456306.98098 10 21.6317 -4.46840146694
17 2456306.98243 12 18.0754 -5.57116288207
18 2456306.98387 10 22.5271 -6.9626009385
19 2456306.98532 11 14.3193 -7.2852885174
20 2456306.98677 9 21.4307 -8.04756837517
21 2456306.98821 9 24.764 -8.40091444753
22 2456306.98966 8 18.3796 -8.40105153999
23 2456306.99111 8 24.1804 -9.06806650129
24 2456307.02213 9 31.4515 -6.12792518089
25 2456307.02358 8 27.7167 -5.93808443529
26 2456307.02503 9 22.9297 -5.92068270747
27 2456307.02647 9 29.0406 -5.87663069738
28 2456307.02792 8 19.2994 -6.00568125284
29 2456307.02937 8 28.4826 -5.90607305656
30 2456307.03226 12 20.6824 -6.64849031417
31 2456307.03371 11 23.7015 -7.07365796227
32 2456307.0366 11 17.5437 -7.62796178998
33 2456307.03805 11 24.2943 -8.06763093229
34 2456307.03949 11 24.4417 -8.38021271863
35 2456307.04094 10 25.0074 -8.87353352109
36 2456307.04239 11 24.7914 -8.84404098726
37 2456307.04383 11 14.0993 -9.33566837662
38 2456307.04528 12 21.4769 -9.76806431114
39 2456307.04673 12 19.287 -9.81469978661
40 2456307.04817 11 20.7674 -11.011991533
41 2456307.04962 9 23.3534 -11.9462436544
42 2456307.08858 9 35.5195 -12.3066573133
43 2456307.09002 9 32.1064 -12.5740294416
44 2456307.09147 10 25.2941 -12.3453419891
45 2456307.09291 10 26.1503 -12.3584541461
46 2456307.09436 10 22.0606 -12.401534781
47 2456307.09581 10 23.2018 -12.4270899013
48 2456307.09726 12 25.1368 -12.5049569081
49 2456307.0987 9 25.2834 -12.861391948
50 2456307.10015 10 21.548 -13.480921946
51 2456307.1016 9 17.6295 -13.4746147107
52 2456307.10304 11 21.0353 -14.1338267516
53 2456307.10449 7 14.6765 -14.2667682699
54 2456307.10594 9 20.4851 -14.7083717453
55 2456307.10738 11 23.3293 -15.0033029413
56 2456307.10883 12 22.7475 -15.1417721831
57 2456307.11027 13 19.8726 -15.5493720621
58 2456307.11172 9 21.4389 -15.8659345781
59 2456307.11317 12 22.71 -16.0703056717
60 2456307.11461 13 21.2937 -16.8143335485
61 2456307.11606 10 25.8185 -17.9437863169
62 2456307.11751 11 14.9478 -18.9848483087
63 2456307.11895 12 19.8557 -19.978293844
64 2456307.1204 13 19.3382 -20.1226784098
65 2456307.12185 9 18.0211 -20.7399724555
66 2456307.12329 13 20.2466 -21.3931436874
67 2456307.15503 12 40.3737 -18.5035224703
68 2456307.15647 9 30.206 -18.6593263431
69 2456307.15792 10 27.2847 -18.6622676296
70 2456307.15937 10 24.6897 -18.647670676
71 2456307.16081 13 23.7823 -18.5379320497
72 2456307.16226 11 25.2997 -18.7353767133
73 2456307.16371 9 18.538 -18.841968269
74 2456307.16515 10 20.231 -18.9887000936
75 2456307.1666 12 22.8126 -19.2756469323
76 2456307.16805 12 23.223 -19.6984761702
77 2456307.16949 12 20.849 -20.2586719025
78 2456307.17094 9 20.6957 -20.5532575051
79 2456307.17239 8 17.7542 -20.9418308994
80 2456307.17528 12 19.0276 -21.5739984983
81 2456307.17817 9 18.7803 -22.1499678881
82 2456307.18251 11 16.4064 -24.0500146213
83 2456307.18541 12 14.3679 -25.6359013036
84 2456307.18685 9 15.535 -25.8874116247
85 2456307.1883 10 21.1962 -26.6668106253
86 2456307.18975 10 22.0792 -27.2798221012
87 2456307.22147 11 42.5031 -24.4960007857
88 2456307.22292 10 33.2572 -24.8285675647
89 2456307.22436 11 31.6928 -24.2504352255
90 2456307.22581 12 24.6077 -24.4654636966
91 2456307.22726 11 22.7769 -24.4581808245
92 2456307.2287 9 22.409 -24.4816091589
93 2456307.23015 9 17.8408 -24.9187836958
94 2456307.2316 10 21.9928 -25.0491502167
95 2456307.23304 12 21.931 -25.5912603473
96 2456307.23449 11 20.4277 -25.7393395951
97 2456307.23594 12 18.7345 -26.0068393604
98 2456307.23738 10 22.2281 -26.2769053413
99 2456307.23883 10 17.5045 -26.7761440449
100 2456307.24028 12 18.8524 -27.0644021681
101 2456307.24172 13 18.4963 -27.5438407565
102 2456307.24317 11 12.1668 -27.6877795107
103 2456307.24461 13 20.0418 -27.7851028272
104 2456307.24606 10 21.546 -28.3074429108
105 2456307.24751 10 19.4765 -28.5609485634
106 2456307.24895 10 17.5865 -30.1898261469
107 2456256.9112 8 22.4948 -9.91568818327
108 2456256.91264 8 15.7569 -10.7904665014
109 2456256.91409 9 15.0574 -11.2092624696
110 2456256.91554 6 16.0251 -11.6300583453
111 2456256.91698 7 14.2513 -12.4129722885
112 2456256.91843 7 12.7264 -12.9642793439
113 2456256.91988 7 17.5506 -13.5795130688
114 2456256.92132 10 19.5195 -13.9604550781
115 2456256.92277 8 14.6323 -14.3832669014
116 2456256.92422 7 23.7144 -14.8797561768
117 2456256.92566 6 16.7675 -15.0251705855
118 2456256.92711 8 18.7561 -15.3295570973
119 2456256.92856 8 13.5372 -15.8282866505
120 2456256.93 7 17.8152 -16.1094457073
121 2456256.93145 7 17.1211 -16.5015152675
122 2456256.9329 9 15.6639 -16.8345383536
123 2456256.93434 8 10.9987 -17.2251889322
124 2456256.93579 10 23.6125 -17.4588695038
125 2456256.93724 8 17.5118 -17.507311494
126 2456256.96709 7 29.9027 -15.2329223671
127 2456256.96853 7 22.542 -15.7502996401
128 2456256.96998 7 22.8144 -16.1281177039
129 2456256.97143 5 23.9426 -16.5470190509
130 2456256.97287 8 21.9534 -17.066290225
131 2456256.97432 7 20.2367 -17.8162991111
132 2456256.97577 9 18.7621 -18.3128138858
133 2456256.97721 11 18.9702 -18.9701485441
134 2456256.97866 6 23.7622 -19.6899126586
135 2456256.98011 10 14.9405 -20.1341759955
136 2456256.98445 7 19.6011 -22.438592904
137 2456256.98589 8 16.4542 -22.8676704401
138 2456256.98734 9 13.374 -23.6889808354
139 2456256.98879 7 17.5177 -24.2528980616
140 2456256.99023 6 12.9221 -24.4559659682
141 2456256.99168 7 15.1124 -24.9272479745
142 2456256.99313 10 12.4171 -25.4661527232
143 2456256.99457 8 17.3901 -25.5116770041
144 2456256.99602 10 18.766 -25.9081031424
145 2456256.99747 11 19.9776 -26.158243997
146 2456256.99891 9 11.2612 -26.5303667234
147 2456257.00036 9 15.1984 -26.8105730712
148 2456257.00181 9 17.1229 -27.4428530853
149 2456257.00325 8 14.1243 -27.8186225043
150 2456257.0047 7 18.0867 -27.708826776
151 2456257.03357 9 33.6161 -26.4354351545
152 2456257.03501 10 26.1393 -26.8812949837
153 2456257.03791 10 22.2211 -27.6296413612
154 2456257.03935 11 19.8367 -28.1282195281
155 2456257.04225 10 23.123 -29.2321111387
156 2456257.04369 9 15.579 -29.6721077953
157 2456257.04514 9 16.7369 -30.5155634646
158 2456257.04659 10 17.6741 -31.1594975385
159 2456257.04803 10 19.589 -31.4650036164
160 2456257.04948 8 24.2585 -32.4788498179
161 2456257.05093 9 22.4346 -33.1601364787
162 2456257.05237 9 12.7941 -33.8756888441
163 2456257.05382 9 16.7946 -34.698971376
164 2456257.05527 10 16.6276 -34.9696958452
165 2456257.05671 9 12.7152 -35.4036480151
166 2456257.05816 13 14.6269 -35.8249695161
167 2456257.05961 11 16.4335 -36.0003203232
168 2456257.06105 8 13.4509 -36.2972458359
169 2456257.0625 9 20.4632 -36.6216405815
170 2456257.06395 10 15.2138 -36.9876274722
171 2456257.06539 9 21.8297 -37.2596500098
172 2456257.06684 10 20.4902 -37.8268943655
173 2456257.06829 9 17.0477 -38.1605821174
174 2456257.06973 11 17.5555 -38.5809482399
175 2456257.10003 9 32.3442 -37.6627283328
176 2456257.10148 9 33.1092 -37.8996854678
177 2456257.10437 10 24.2784 -38.7813785298
178 2456257.10582 11 15.2053 -39.1369431345
179 2456257.10727 11 27.1086 -39.6454691665
180 2456257.10871 8 21.728 -40.1959628341
181 2456257.11016 9 21.9742 -40.9915334601
182 2456257.11161 9 19.8702 -41.3413150051
183 2456257.11305 10 15.7358 -42.0033057561
184 2456257.1145 9 17.1695 -42.4781935093
185 2456257.11595 10 15.0349 -43.5247588223
186 2456257.11739 9 17.5391 -44.1324608088
187 2456257.11884 9 25.6176 -44.757629493
188 2456257.12029 10 20.4798 -45.5304548758
189 2456257.12173 10 17.6516 -45.8799664289
190 2456257.12318 9 17.954 -46.3490277446
191 2456257.12463 11 18.4588 -46.9205994377
192 2456257.12607 10 21.2963 -47.0137486656
193 2456257.12752 8 18.3291 -47.2715631875
194 2456257.12897 9 18.6948 -47.5900898958
195 2456257.13186 12 16.6091 -48.0785558497
196 2456257.1362 12 20.2248 -49.4388685503
197 2456257.16651 10 31.638 -48.2409115853
198 2456257.17085 11 23.7545 -49.4729674053
199 2456257.1723 10 29.6035 -49.9735647283
200 2456257.17375 9 17.6438 -50.3324572249
201 2456257.17519 11 20.4782 -50.8649852834
202 2456257.17664 9 21.1266 -51.6670140667
203 2456257.17809 13 14.4981 -52.1455518584
204 2456257.17953 10 16.5402 -52.5568657076
205 2456257.18098 10 17.3196 -52.9655306462
206 2456257.18243 8 17.6045 -53.9269902672
207 2456257.18387 9 17.9249 -54.6777643589
208 2456257.18532 10 19.8247 -55.4298877458
209 2456257.18677 11 17.5527 -56.079577421
210 2456257.18821 8 19.5429 -56.4859231512
211 2456257.18966 10 13.1396 -56.6575675379
212 2456257.19111 10 19.3711 -57.1140098857
213 2456257.19255 10 16.8817 -57.4665392042
