#time 		photoelectrons 	error 		visit 	orbit 	scan 	wave_center 	wave_start 	wave_end
0.345126933741 7566019.95328 885025.341066 1.24 0.0 2456306.95783 1.0 9.0 0.0
0.34631307681 7607985.26758 890094.668227 1.24 0.0 2456306.95928 1.0 9.0 0.0
0.347498911442 7624813.20103 892037.483101 1.24 0.0 2456306.96073 1.0 9.0 0.0
0.348684744547 7632931.20863 892940.850491 1.24 0.0 2456306.96217 1.0 9.0 0.0
0.34987057956 7641576.92266 893986.132875 1.24 0.0 2456306.96362 1.0 9.0 0.0
0.35105671156 7646828.8561 894629.938741 1.24 0.0 2456306.96507 1.0 9.0 0.0
0.352242537411 7649893.97895 894922.20111 1.24 0.0 2456306.96651 1.0 9.0 0.0
0.353428365554 7652116.49386 895205.137734 1.24 0.0 2456306.96796 1.0 9.0 0.0
0.354614185679 7653826.76569 895352.509886 1.24 0.0 2456306.96941 1.0 9.0 0.0
0.355800306609 7657443.32997 895818.519681 1.24 0.0 2456306.97085 1.0 9.0 0.0
0.356986124826 7656306.75825 895656.752421 1.24 0.0 2456306.9723 1.0 9.0 0.0
0.358171936172 7657505.47254 895888.433928 1.24 0.0 2456306.97375 1.0 9.0 0.0
0.359357744464 7658146.79591 895882.189943 1.24 0.0 2456306.97519 1.0 9.0 0.0
0.360543856995 7657530.78607 895811.755269 1.24 0.0 2456306.97664 1.0 9.0 0.0
0.36172965918 7656167.06789 895636.94884 1.24 0.0 2456306.97809 1.0 9.0 0.0
0.362915459074 7654967.83347 895563.477425 1.24 0.0 2456306.97953 1.0 9.0 0.0
0.364101260495 7653726.04168 895369.085527 1.24 0.0 2456306.98098 1.0 9.0 0.0
0.365287363483 7653125.28587 895266.238397 1.24 0.0 2456306.98243 1.0 9.0 0.0
0.366473152689 7650717.06918 895013.788971 1.24 0.0 2456306.98387 1.0 9.0 0.0
0.367658949147 7652793.1444 895326.202845 1.24 0.0 2456306.98532 1.0 9.0 0.0
0.368844745224 7651809.32978 895171.569389 1.24 0.0 2456306.98677 1.0 9.0 0.0
0.370030835233 7651634.95116 895122.436851 1.24 0.0 2456306.98821 1.0 9.0 0.0
0.371216630547 7651001.4086 895098.39433 1.24 0.0 2456306.98966 1.0 9.0 0.0
0.37240242586 7652164.90201 895229.668109 1.24 0.0 2456306.99111 1.0 9.0 0.0
0.397837392006 7648049.39629 894545.243996 1.24 0.0 2456307.02213 1.0 9.0 0.0
0.399023527822 7658779.5209 895936.427184 1.24 0.0 2456307.02358 1.0 9.0 0.0
0.400209367798 7661502.629 896275.849072 1.24 0.0 2456307.02503 1.0 9.0 0.0
0.401395206629 7662760.39423 896402.422714 1.24 0.0 2456307.02647 1.0 9.0 0.0
0.402581036298 7663552.5339 896501.427275 1.24 0.0 2456307.02792 1.0 9.0 0.0
0.403767175932 7664673.68274 896707.556594 1.24 0.0 2456307.02937 1.0 9.0 0.0
0.40613883298 7666540.12232 896884.372362 1.24 0.0 2456307.03226 1.0 9.0 0.0
0.407324661885 7665136.92625 896753.534293 1.24 0.0 2456307.03371 1.0 9.0 0.0
0.409696605613 7666203.97207 896836.709557 1.24 0.0 2456307.0366 1.0 9.0 0.0
0.410882425357 7664928.79985 896677.421842 1.24 0.0 2456307.03805 1.0 9.0 0.0
0.412068242811 7663426.12564 896517.781708 1.24 0.0 2456307.03949 1.0 9.0 0.0
0.413254355342 7664186.05001 896584.049107 1.24 0.0 2456307.04094 1.0 9.0 0.0
0.414440162107 7662922.39144 896492.302325 1.24 0.0 2456307.04239 1.0 9.0 0.0
0.415625969636 7661990.00159 896378.256531 1.24 0.0 2456307.04383 1.0 9.0 0.0
0.416811770675 7660777.42794 896262.733882 1.24 0.0 2456307.04528 1.0 9.0 0.0
0.417997872518 7660867.17032 896214.82098 1.24 0.0 2456307.04673 1.0 9.0 0.0
0.419183673176 7660835.14681 896165.439014 1.24 0.0 2456307.04817 1.0 9.0 0.0
0.420369467344 7660003.30968 896087.472741 1.24 0.0 2456307.04962 1.0 9.0 0.0
0.452303218394 7644652.04993 894212.406428 1.24 0.0 2456307.08858 1.0 9.0 0.0
0.453489058752 7653198.83053 895266.810249 1.24 0.0 2456307.09002 1.0 9.0 0.0
0.454674899109 7651781.42626 895154.913611 1.24 0.0 2456307.09147 1.0 9.0 0.0
0.455860729923 7653534.68988 895346.619554 1.24 0.0 2456307.09291 1.0 9.0 0.0
0.457046870702 7652508.78215 895263.637348 1.24 0.0 2456307.09436 1.0 9.0 0.0
0.458232706479 7649400.57674 894881.535551 1.24 0.0 2456307.09581 1.0 9.0 0.0
0.459418532331 7648163.9295 894802.167137 1.24 0.0 2456307.09726 1.0 9.0 0.0
0.460604363527 7643233.67813 894206.362148 1.24 0.0 2456307.0987 1.0 9.0 0.0
0.461790495908 7644421.37783 894299.505148 1.24 0.0 2456307.10015 1.0 9.0 0.0
0.462976313362 7643560.80962 894236.739821 1.24 0.0 2456307.1016 1.0 9.0 0.0
0.464162136542 7642525.37976 894087.185604 1.24 0.0 2456307.10304 1.0 9.0 0.0
0.465347956286 7645031.7382 894425.630489 1.24 0.0 2456307.10449 1.0 9.0 0.0
0.466534072253 7645707.08446 894434.392997 1.24 0.0 2456307.10594 1.0 9.0 0.0
0.46771988169 7647878.61536 894723.253259 1.24 0.0 2456307.10738 1.0 9.0 0.0
0.468905692273 7649179.19342 894896.315235 1.24 0.0 2456307.10883 1.0 9.0 0.0
0.470091496366 7648345.26895 894798.92665 1.24 0.0 2456307.11027 1.0 9.0 0.0
0.471277600499 7648882.09957 894852.528764 1.24 0.0 2456307.11172 1.0 9.0 0.0
0.472463403065 7649557.89019 894950.153865 1.24 0.0 2456307.11317 1.0 9.0 0.0
0.473649199524 7650643.8859 895021.814283 1.24 0.0 2456307.11461 1.0 9.0 0.0
0.474834994074 7651610.24099 895153.746245 1.24 0.0 2456307.11606 1.0 9.0 0.0
0.476021094771 7652037.92565 895200.852497 1.24 0.0 2456307.11751 1.0 9.0 0.0
0.477206886649 7651610.21989 895174.706239 1.24 0.0 2456307.11895 1.0 9.0 0.0
0.478392829692 7656503.7746 895785.878611 1.24 0.0 2456307.1204 1.0 9.0 0.0
0.479578473077 7653195.47959 895330.950967 1.24 0.0 2456307.12185 1.0 9.0 0.0
0.480764567667 7651484.46591 895131.413403 1.24 0.0 2456307.12329 1.0 9.0 0.0
-0.49322169025 7633253.77621 892839.93721 1.24 0.0 2456307.15503 1.0 9.0 0.0
-0.492036001439 7640262.42082 893706.989752 1.24 0.0 2456307.15647 1.0 9.0 0.0
-0.490849862568 7645405.09487 894371.830994 1.24 0.0 2456307.15792 1.0 9.0 0.0
-0.489664027937 7645439.69872 894409.082111 1.24 0.0 2456307.15937 1.0 9.0 0.0
-0.488478038704 7649149.56092 894930.681748 1.24 0.0 2456307.16081 1.0 9.0 0.0
-0.487292358674 7650455.93175 895022.305216 1.24 0.0 2456307.16226 1.0 9.0 0.0
-0.486106225529 7651141.74391 895163.11037 1.24 0.0 2456307.16371 1.0 9.0 0.0
-0.484920394333 7653046.49899 895353.271423 1.24 0.0 2456307.16515 1.0 9.0 0.0
-0.483734418079 7655267.48686 895568.62536 1.24 0.0 2456307.1666 1.0 9.0 0.0
-0.482548747973 7657175.98987 895852.294428 1.24 0.0 2456307.16805 1.0 9.0 0.0
-0.4813626217 7655938.98684 895666.617757 1.24 0.0 2456307.16949 1.0 9.0 0.0
-0.480176801956 7658835.00816 895921.037167 1.24 0.0 2456307.17094 1.0 9.0 0.0
-0.478990841735 7658135.69206 895834.690321 1.24 0.0 2456307.17239 1.0 9.0 0.0
-0.476619065969 7658752.79527 895924.441543 1.24 0.0 2456307.17528 1.0 9.0 0.0
-0.474247309671 7657226.20107 895775.229632 1.24 0.0 2456307.17817 1.0 9.0 0.0
-0.470689764168 7654551.00124 895472.807011 1.24 0.0 2456307.18251 1.0 9.0 0.0
-0.468318179267 7649817.277 894934.728848 1.24 0.0 2456307.18541 1.0 9.0 0.0
-0.46713208086 7647021.12546 894601.768588 1.24 0.0 2456307.18685 1.0 9.0 0.0
-0.465946285165 7647432.94504 894690.44809 1.24 0.0 2456307.1883 1.0 9.0 0.0
-0.464760346321 7645578.17689 894435.969657 1.24 0.0 2456307.18975 1.0 9.0 0.0
-0.438756315066 7632162.38955 892736.587821 1.24 0.0 2456307.22147 1.0 9.0 0.0
-0.437570175432 7639275.98487 893700.206121 1.24 0.0 2456307.22292 1.0 9.0 0.0
-0.436384340037 7644803.84176 894425.274187 1.24 0.0 2456307.22436 1.0 9.0 0.0
-0.43519834966 7645940.8134 894496.44395 1.24 0.0 2456307.22581 1.0 9.0 0.0
-0.43401266772 7647553.01313 894689.418983 1.24 0.0 2456307.22726 1.0 9.0 0.0
-0.432826533049 7647509.45406 894739.186441 1.24 0.0 2456307.2287 1.0 9.0 0.0
-0.431640699562 7649657.38233 894982.120804 1.24 0.0 2456307.23015 1.0 9.0 0.0
-0.430454720637 7651050.70267 895052.673126 1.24 0.0 2456307.2316 1.0 9.0 0.0
-0.429269047859 7652360.4745 895281.907409 1.24 0.0 2456307.23304 1.0 9.0 0.0
-0.428082918531 7652556.39277 895264.12898 1.24 0.0 2456307.23449 1.0 9.0 0.0
-0.426897095733 7652502.35674 895292.94683 1.24 0.0 2456307.23594 1.0 9.0 0.0
-0.425711132459 7655288.20781 895564.814377 1.24 0.0 2456307.23738 1.0 9.0 0.0
-0.424525467315 7654853.29172 895553.981087 1.24 0.0 2456307.23883 1.0 9.0 0.0
-0.423339350585 7654344.33868 895434.224578 1.24 0.0 2456307.24028 1.0 9.0 0.0
-0.422153548019 7652273.77947 895195.53866 1.24 0.0 2456307.24172 1.0 9.0 0.0
-0.420967588562 7650496.40531 894957.643885 1.24 0.0 2456307.24317 1.0 9.0 0.0
-0.419781935252 7652525.32002 895268.425557 1.24 0.0 2456307.24461 1.0 9.0 0.0
-0.418595837226 7651365.37416 895100.855223 1.24 0.0 2456307.24606 1.0 9.0 0.0
-0.41741003695 7652567.55593 895320.303226 1.24 0.0 2456307.24751 1.0 9.0 0.0
-0.416224086654 7650726.81438 895021.43914 1.24 0.0 2456307.24895 1.0 9.0 0.0
0.318950816244 7617779.69042 891142.833425 1.24 0.0 2456256.9112 0.0 4.0 0.0
0.320136860827 7638321.78487 893589.410354 1.24 0.0 2456256.91264 0.0 4.0 0.0
0.321322755008 7648314.42175 894703.601792 1.24 0.0 2456256.91409 0.0 4.0 0.0
0.322508795011 7653564.63945 895322.332947 1.24 0.0 2456256.91554 0.0 4.0 0.0
0.323694680794 7657023.78805 895705.769551 1.24 0.0 2456256.91698 0.0 4.0 0.0
0.324880720415 7659994.53367 896049.071425 1.24 0.0 2456256.91843 0.0 4.0 0.0
0.326066601236 7662119.24226 896237.891837 1.24 0.0 2456256.91988 0.0 4.0 0.0
0.327252632077 7661177.05078 896124.848733 1.24 0.0 2456256.92132 0.0 4.0 0.0
0.328438512897 7662722.55155 896310.167323 1.24 0.0 2456256.92277 0.0 4.0 0.0
0.329624539158 7664887.50426 896532.773089 1.24 0.0 2456256.92422 0.0 4.0 0.0
0.330810411581 7665672.40777 896646.294667 1.24 0.0 2456256.92566 0.0 4.0 0.0
0.331996438986 7665813.98251 896596.376742 1.24 0.0 2456256.92711 0.0 4.0 0.0
0.333182308355 7666670.7177 896760.801295 1.24 0.0 2456256.92856 0.0 4.0 0.0
0.334368328507 7665199.61041 896589.159175 1.24 0.0 2456256.93 0.0 4.0 0.0
0.335554200167 7667896.69007 896870.856479 1.24 0.0 2456256.93145 0.0 4.0 0.0
0.336740222991 7665861.1759 896658.275597 1.24 0.0 2456256.9329 0.0 4.0 0.0
0.337926085489 7667404.95783 896860.492647 1.24 0.0 2456256.93434 0.0 4.0 0.0
0.339112108314 7665305.23261 896589.066338 1.24 0.0 2456256.93579 0.0 4.0 0.0
0.34029797921 7663208.10578 896383.171764 1.24 0.0 2456256.93724 0.0 4.0 0.0
0.364766831063 7635720.70033 893068.672162 1.24 0.0 2456256.96709 0.0 4.0 0.0
0.365952731734 7647910.47684 894534.5439 1.24 0.0 2456256.96853 0.0 4.0 0.0
0.367138787769 7649652.22398 894763.041378 1.24 0.0 2456256.96998 0.0 4.0 0.0
0.368324692257 7653076.16255 895192.712389 1.24 0.0 2456256.97143 0.0 4.0 0.0
0.369510739131 7654899.69629 895367.738076 1.24 0.0 2456256.97287 0.0 4.0 0.0
0.370696640947 7655477.92279 895436.837457 1.24 0.0 2456256.97432 0.0 4.0 0.0
0.371882693165 7658002.52354 895761.093148 1.24 0.0 2456256.97577 0.0 4.0 0.0
0.37306858391 7658609.65916 895805.716383 1.24 0.0 2456256.97721 0.0 4.0 0.0
0.374254632311 7658580.28402 895837.342067 1.24 0.0 2456256.97866 0.0 4.0 0.0
0.375440527638 7658224.47301 895785.642054 1.24 0.0 2456256.98011 0.0 4.0 0.0
0.378998494571 7658513.26734 895806.532442 1.24 0.0 2456256.98445 0.0 4.0 0.0
0.380184372338 7657610.60287 895707.593547 1.24 0.0 2456256.98589 0.0 4.0 0.0
0.381370407378 7657048.82262 895649.887124 1.24 0.0 2456256.98734 0.0 4.0 0.0
0.382556288962 7656394.35004 895544.057944 1.24 0.0 2456256.98879 0.0 4.0 0.0
0.383742311787 7653393.634 895166.830538 1.24 0.0 2456256.99023 0.0 4.0 0.0
0.384928189172 7654118.07624 895206.603506 1.24 0.0 2456256.99168 0.0 4.0 0.0
0.386114216578 7651560.51591 894974.356783 1.24 0.0 2456256.99313 0.0 4.0 0.0
0.387300082511 7651163.92514 894940.418994 1.24 0.0 2456256.99457 0.0 4.0 0.0
0.388486106863 7652369.55219 895130.799266 1.24 0.0 2456256.99602 0.0 4.0 0.0
0.389671978904 7650929.11344 894932.411276 1.24 0.0 2456256.99747 0.0 4.0 0.0
0.390857997529 7650641.92729 894915.901172 1.24 0.0 2456256.99891 0.0 4.0 0.0
0.392043864226 7650184.23094 894836.988713 1.24 0.0 2456257.00036 0.0 4.0 0.0
0.393229886669 7654295.69407 895308.817739 1.24 0.0 2456257.00181 0.0 4.0 0.0
0.394415753366 7653494.11912 895237.850999 1.24 0.0 2456257.00325 0.0 4.0 0.0
0.395601772755 7655533.66863 895498.604236 1.24 0.0 2456257.0047 0.0 4.0 0.0
0.419264110474 7646956.33742 894299.093476 1.24 0.0 2456257.03357 0.0 4.0 0.0
0.420450006946 7655025.62133 895326.420012 1.24 0.0 2456257.03501 0.0 4.0 0.0
0.422821967088 7660717.40324 896045.142665 1.24 0.0 2456257.03791 0.0 4.0 0.0
0.424008017779 7658803.28918 895852.362791 1.24 0.0 2456257.03935 0.0 4.0 0.0
0.426379967232 7662255.55297 896214.516811 1.24 0.0 2456257.04225 0.0 4.0 0.0
0.427565862177 7660018.94471 895970.503428 1.24 0.0 2456257.04369 0.0 4.0 0.0
0.42875190676 7659154.08655 895846.144285 1.24 0.0 2456257.04514 0.0 4.0 0.0
0.429937801323 7658255.19583 895767.989414 1.24 0.0 2456257.04659 0.0 4.0 0.0
0.431123841325 7657708.30497 895678.199184 1.24 0.0 2456257.04803 0.0 4.0 0.0
0.432309728254 7659029.71858 895846.660382 1.24 0.0 2456257.04948 0.0 4.0 0.0
0.433495767875 7657507.00697 895736.0726 1.24 0.0 2456257.05093 0.0 4.0 0.0
0.434681649841 7657042.0526 895608.418098 1.24 0.0 2456257.05237 0.0 4.0 0.0
0.435867680682 7656037.68778 895532.978423 1.24 0.0 2456257.05382 0.0 4.0 0.0
0.437053562266 7655302.83821 895378.424857 1.24 0.0 2456257.05527 0.0 4.0 0.0
0.438239588908 7654328.47769 895307.149315 1.24 0.0 2456257.05671 0.0 4.0 0.0
0.439425462476 7654249.1618 895309.006555 1.24 0.0 2456257.05816 0.0 4.0 0.0
0.4406114895 7654480.16216 895343.642507 1.24 0.0 2456257.05961 0.0 4.0 0.0
0.441797359632 7654255.81754 895302.706057 1.24 0.0 2456257.06105 0.0 4.0 0.0
0.442983379785 7655132.2941 895418.185406 1.24 0.0 2456257.0625 0.0 4.0 0.0
0.444169251826 7654407.27748 895316.493772 1.24 0.0 2456257.06395 0.0 4.0 0.0
0.44535527465 7653412.78381 895182.481498 1.24 0.0 2456257.06539 0.0 4.0 0.0
0.446541137148 7655030.19069 895376.830995 1.24 0.0 2456257.06684 0.0 4.0 0.0
0.447727159591 7656748.01411 895595.736074 1.24 0.0 2456257.06829 0.0 4.0 0.0
0.448913030487 7656982.7649 895589.089258 1.24 0.0 2456257.06973 0.0 4.0 0.0
0.473751817625 7636303.58404 892972.07083 1.24 0.0 2456257.10003 0.0 4.0 0.0
0.474937865644 7645819.01173 894301.897963 1.24 0.0 2456257.10148 0.0 4.0 0.0
0.477309825403 7645632.9081 894292.926053 1.24 0.0 2456257.10437 0.0 4.0 0.0
0.478495719967 7646304.45266 894393.562876 1.24 0.0 2456257.10582 0.0 4.0 0.0
0.47968177333 7645596.08858 894355.623541 1.24 0.0 2456257.10727 0.0 4.0 0.0
0.480867673619 7645515.05675 894320.379475 1.24 0.0 2456257.10871 0.0 4.0 0.0
0.482053719729 7648951.45746 894688.186344 1.24 0.0 2456257.11016 0.0 4.0 0.0
0.483239612383 7647104.04026 894454.817444 1.24 0.0 2456257.11161 0.0 4.0 0.0
0.484425658875 7647377.24466 894470.522154 1.24 0.0 2456257.11305 0.0 4.0 0.0
0.485611547331 7651113.22212 894889.481518 1.24 0.0 2456257.1145 0.0 4.0 0.0
0.486797585424 7651874.02873 895032.00969 1.24 0.0 2456257.11595 0.0 4.0 0.0
0.487983473498 7652660.71548 895134.910254 1.24 0.0 2456257.11739 0.0 4.0 0.0
0.489169507011 7655624.54273 895450.677102 1.24 0.0 2456257.11884 0.0 4.0 0.0
0.490355385924 7656604.8437 895575.906269 1.24 0.0 2456257.12029 0.0 4.0 0.0
0.491541419437 7658475.06473 895809.061351 1.24 0.0 2456257.12173 0.0 4.0 0.0
0.49272729415 7660898.08965 896049.707559 1.24 0.0 2456257.12318 0.0 4.0 0.0
0.493913319265 7661436.50722 896146.650362 1.24 0.0 2456257.12463 0.0 4.0 0.0
0.495099194741 7661936.56615 896181.455429 1.24 0.0 2456257.12607 0.0 4.0 0.0
0.496285216421 7662625.86859 896259.791182 1.24 0.0 2456257.12752 0.0 4.0 0.0
0.497471085027 7663767.16556 896416.930071 1.24 0.0 2456257.12897 0.0 4.0 0.0
0.499842975693 7660943.86184 896120.852814 1.24 0.0 2456257.13186 0.0 4.0 0.0
-0.496599113106 7658165.87655 895718.084086 1.24 0.0 2456257.1362 0.0 4.0 0.0
-0.471750918233 7638928.89956 893401.250759 1.24 0.0 2456257.16651 0.0 4.0 0.0
-0.468192911218 7656839.69843 895587.065589 1.24 0.0 2456257.17085 0.0 4.0 0.0
-0.467007012455 7659900.85944 895961.477324 1.24 0.0 2456257.1723 0.0 4.0 0.0
-0.465820963673 7659910.82736 895963.846073 1.24 0.0 2456257.17375 0.0 4.0 0.0
-0.464635063766 7663425.75735 896358.14235 1.24 0.0 2456257.17519 0.0 4.0 0.0
-0.463449013457 7663778.95648 896335.89125 1.24 0.0 2456257.17664 0.0 4.0 0.0
-0.46226312462 7666522.59587 896703.551121 1.24 0.0 2456257.17809 0.0 4.0 0.0
-0.46107707851 7667149.68364 896787.371647 1.24 0.0 2456257.17953 0.0 4.0 0.0
-0.459891186237 7666484.93226 896709.783179 1.24 0.0 2456257.18098 0.0 4.0 0.0
-0.458705152342 7667514.95535 896820.749641 1.24 0.0 2456257.18243 0.0 4.0 0.0
-0.45751926465 7669420.91737 897097.317523 1.24 0.0 2456257.18387 0.0 4.0 0.0
-0.456333226938 7668664.77758 896952.390597 1.24 0.0 2456257.18532 0.0 4.0 0.0
-0.455147351843 7667598.13856 896783.452445 1.24 0.0 2456257.18677 0.0 4.0 0.0
-0.453961319093 7668743.55785 896940.618608 1.24 0.0 2456257.18821 0.0 4.0 0.0
-0.452775439799 7667689.93859 896819.573086 1.24 0.0 2456257.18966 0.0 4.0 0.0
-0.451589419265 7665564.02189 896573.370445 1.24 0.0 2456257.19111 0.0 4.0 0.0
-0.450403543789 7666028.86026 896674.027391 1.24 0.0 2456257.19255 0.0 4.0 0.0
