0 2456306.95783 13 24.3611 0.0
1 2456306.95928 11 26.0927 -0.636021042169
2 2456306.96073 11 28.1857 -0.483569179522
3 2456306.96217 10 31.6799 -0.8638917328
4 2456306.96362 10 24.3882 -0.587875860703
5 2456306.96507 13 26.4849 -1.13979620583
6 2456306.96651 12 15.6172 -1.00169556566
7 2456306.96796 12 20.5849 -1.37941737175
8 2456306.96941 13 25.6389 -1.59901259927
9 2456306.97085 10 16.8054 -2.04745664709
10 2456306.9723 13 16.8256 -2.4416764991
11 2456306.97375 12 14.8404 -2.84117238547
12 2456306.97519 13 20.349 -3.07031834862
13 2456306.97664 9 20.7742 -3.37199522627
14 2456306.97809 11 15.8096 -3.81403929824
15 2456306.97953 11 17.6216 -4.11208924933
16 2456306.98098 11 21.6317 -4.47406954802
17 2456306.98243 12 18.0754 -5.52824897217
18 2456306.98387 10 22.5271 -6.93973093814
19 2456306.98532 12 14.3193 -7.29351760898
20 2456306.98677 10 21.4307 -8.02463737131
21 2456306.98821 10 24.764 -8.40579495992
22 2456306.98966 9 18.3796 -8.43462620003
23 2456306.99111 9 24.1804 -9.09937023068
24 2456307.02213 10 31.4515 -6.12675743406
25 2456307.02358 9 27.7167 -5.93357659098
26 2456307.02503 10 22.9297 -5.92800036338
27 2456307.02647 10 29.0406 -5.86112843555
28 2456307.02792 9 19.2994 -5.98997354195
29 2456307.02937 9 28.4826 -5.92917687668
30 2456307.03226 12 20.6824 -6.62688916099
31 2456307.03371 12 23.7015 -7.10795707076
32 2456307.0366 12 17.5437 -7.62304368651
33 2456307.03805 11 24.2943 -8.11812555534
34 2456307.03949 12 24.4417 -8.38641540106
35 2456307.04094 11 25.0074 -8.89251170177
36 2456307.04239 12 24.7914 -8.89769686025
37 2456307.04383 12 14.0993 -9.36092973776
38 2456307.04528 12 21.4769 -9.82988486896
39 2456307.04673 13 19.287 -9.8418124084
40 2456307.04817 13 20.7674 -10.9504055454
41 2456307.04962 11 23.3534 -11.9055358384
42 2456307.08858 11 35.5195 -12.2987415939
43 2456307.09002 11 32.1064 -12.5452793254
44 2456307.09147 13 25.2941 -12.2919446443
45 2456307.09291 12 26.1503 -12.404472764
46 2456307.09436 11 22.0606 -12.4683562674
47 2456307.09581 10 23.2018 -12.4353936133
48 2456307.09726 11 25.1368 -12.4913756582
49 2456307.0987 10 25.2834 -12.8603387546
50 2456307.10015 11 21.548 -13.3965125008
51 2456307.1016 10 17.6295 -13.4599282119
52 2456307.10304 12 21.0353 -14.0959606849
53 2456307.10449 9 14.6765 -14.2308576155
54 2456307.10594 11 20.4851 -14.6432762869
55 2456307.10738 12 23.3293 -14.9856384329
56 2456307.10883 13 22.7475 -15.1914280511
57 2456307.11027 14 19.8726 -15.5477592429
58 2456307.11172 9 21.4389 -15.8786840268
59 2456307.11317 13 22.71 -16.0718862247
60 2456307.11461 14 21.2937 -16.7921719247
61 2456307.11606 11 25.8185 -17.9483369102
62 2456307.11751 12 14.9478 -19.0094172915
63 2456307.11895 13 19.8557 -20.0359954868
64 2456307.1204 14 19.3382 -20.1863027598
65 2456307.12185 9 18.0211 -20.7536474627
66 2456307.12329 15 20.2466 -21.331544317
67 2456307.15503 13 40.3737 -18.5272924779
68 2456307.15647 12 30.206 -18.620694991
69 2456307.15792 12 27.2847 -18.5021359102
70 2456307.15937 10 24.6897 -18.5961699895
71 2456307.16081 13 23.7823 -18.5592611665
72 2456307.16226 12 25.2997 -18.7195415615
73 2456307.16371 10 18.538 -18.9288501668
74 2456307.16515 11 20.231 -19.0305098464
75 2456307.1666 15 22.8126 -19.2580127507
76 2456307.16805 13 23.223 -19.7697274737
77 2456307.16949 13 20.849 -20.2569475954
78 2456307.17094 11 20.6957 -20.4508583661
79 2456307.17239 9 17.7542 -20.8883559907
80 2456307.17528 13 19.0276 -21.5198511451
81 2456307.17817 11 18.7803 -22.1014964107
82 2456307.18251 12 16.4064 -24.0393895412
83 2456307.18541 13 14.3679 -25.6538202193
84 2456307.18685 14 15.535 -25.9067964192
85 2456307.1883 12 21.1962 -26.6323467621
86 2456307.18975 11 22.0792 -27.2905531494
87 2456307.22147 13 42.5031 -24.5325022018
88 2456307.22292 11 33.2572 -24.821173554
89 2456307.22436 12 31.6928 -24.3105306392
90 2456307.22581 14 24.6077 -24.4311731293
91 2456307.22726 12 22.7769 -24.4455163923
92 2456307.2287 12 22.409 -24.5674734839
93 2456307.23015 10 17.8408 -24.9656049834
94 2456307.2316 11 21.9928 -25.0346645749
95 2456307.23304 13 21.931 -25.573228365
96 2456307.23449 12 20.4277 -25.7528730873
97 2456307.23594 13 18.7345 -26.03607248
98 2456307.23738 11 22.2281 -26.3358311914
99 2456307.23883 12 17.5045 -26.8012073901
100 2456307.24028 13 18.8524 -27.0629069814
101 2456307.24172 14 18.4963 -27.5486187205
102 2456307.24317 14 12.1668 -27.5802667246
103 2456307.24461 14 20.0418 -27.8062204803
104 2456307.24606 11 21.546 -28.3161101804
105 2456307.24751 12 19.4765 -28.6325513034
106 2456307.24895 11 17.5865 -30.1727982187
107 2456256.9112 8 22.4948 -10.1461571765
108 2456256.91264 8 15.7569 -11.0388767444
109 2456256.91409 9 15.0574 -11.4466008708
110 2456256.91554 6 16.0251 -11.8833988437
111 2456256.91698 7 14.2513 -12.6565727209
112 2456256.91843 7 12.7264 -13.2052192009
113 2456256.91988 7 17.5506 -13.8362691656
114 2456256.92132 10 19.5195 -14.2013116022
115 2456256.92277 8 14.6323 -14.6019377366
116 2456256.92422 11 23.7144 -15.1170333289
117 2456256.92566 6 16.7675 -15.2687718322
118 2456256.92711 8 18.7561 -15.5471058167
119 2456256.92856 8 13.5372 -16.081512503
120 2456256.93 7 17.8152 -16.3593431144
121 2456256.93145 7 17.1211 -16.7467912571
122 2456256.9329 9 15.6639 -17.0732342705
123 2456256.93434 8 10.9987 -17.4618599635
124 2456256.93579 10 23.6125 -17.7036152067
125 2456256.93724 8 17.5118 -17.7435762215
126 2456256.96709 7 29.9027 -15.464276609
127 2456256.96853 7 22.542 -15.9789218397
128 2456256.96998 7 22.8144 -16.3461303393
129 2456256.97143 5 23.9426 -16.8181259018
130 2456256.97287 8 21.9534 -17.2975099323
131 2456256.97432 7 20.2367 -18.0461805903
132 2456256.97577 9 18.7621 -18.5555491554
133 2456256.97721 11 18.9702 -19.2267417924
134 2456256.97866 6 23.7622 -19.9413977176
135 2456256.98011 10 14.9405 -20.3939623469
136 2456256.98445 7 19.6011 -22.6830786873
137 2456256.98589 9 16.4542 -23.0988172125
138 2456256.98734 9 13.374 -23.9334582381
139 2456256.98879 8 17.5177 -24.5018765831
140 2456256.99023 6 12.9221 -24.700937211
141 2456256.99168 7 15.1124 -25.1470841824
142 2456256.99313 10 12.4171 -25.6807396201
143 2456256.99457 8 17.3901 -25.7584535832
144 2456256.99602 10 18.766 -26.1622150041
145 2456256.99747 11 19.9776 -26.3941524744
146 2456256.99891 9 11.2612 -26.7702133487
147 2456257.00036 10 15.1984 -27.0413041147
148 2456257.00181 9 17.1229 -27.6868076611
149 2456257.00325 8 14.1243 -28.0623494372
150 2456257.0047 8 18.0867 -27.9501853984
151 2456257.03357 10 33.6161 -26.6841401292
152 2456257.03501 10 26.1393 -27.1277911512
153 2456257.03791 10 22.2211 -27.8632041311
154 2456257.03935 11 19.8367 -28.3841643453
155 2456257.04225 10 23.123 -29.4840154623
156 2456257.04369 9 15.579 -29.925138575
157 2456257.04514 9 16.7369 -30.7518554239
158 2456257.04659 10 17.6741 -31.3818773966
159 2456257.04803 9 19.589 -31.6738408534
160 2456257.04948 8 24.2585 -32.7510923119
161 2456257.05093 9 22.4346 -33.4293344445
162 2456257.05237 9 12.7941 -34.1104184358
163 2456257.05382 9 16.7946 -34.9419765978
164 2456257.05527 10 16.6276 -35.2170945739
165 2456257.05671 9 12.7152 -35.644611844
166 2456257.05816 13 14.6269 -36.0767557788
167 2456257.05961 11 16.4335 -36.2528855012
168 2456257.06105 8 13.4509 -36.5499123129
169 2456257.0625 9 20.4632 -36.8711680814
170 2456257.06395 11 15.2138 -37.2233491073
171 2456257.06539 9 21.8297 -37.5061047559
172 2456257.06684 10 20.4902 -38.0864371429
173 2456257.06829 9 17.0477 -38.4053272817
174 2456257.06973 11 17.5555 -38.822016936
175 2456257.10003 10 32.3442 -37.8776706688
176 2456257.10148 9 33.1092 -38.1461130239
177 2456257.10437 10 24.2784 -39.0289259243
178 2456257.10582 11 15.2053 -39.3994923263
179 2456257.10727 11 27.1086 -39.909584603
180 2456257.10871 8 21.728 -40.4481388249
181 2456257.11016 9 21.9742 -41.2594604631
182 2456257.11161 10 19.8702 -41.5953104399
183 2456257.11305 10 15.7358 -42.2391665553
184 2456257.1145 9 17.1695 -42.7069637058
185 2456257.11595 10 15.0349 -43.775551816
186 2456257.11739 9 17.5391 -44.3532956286
187 2456257.11884 9 25.6176 -45.0233746457
188 2456257.12029 14 20.4798 -45.7926558615
189 2456257.12173 10 17.6516 -46.1377917974
190 2456257.12318 9 17.954 -46.5242278977
191 2456257.12463 11 18.4588 -47.2206351621
192 2456257.12607 12 21.2963 -47.3284950306
193 2456257.12752 8 18.3291 -47.5586518681
194 2456257.12897 9 18.6948 -47.8836094015
195 2456257.13186 12 16.6091 -48.374420176
196 2456257.1362 12 20.2248 -49.6800588073
197 2456257.16651 11 31.638 -48.5602547097
198 2456257.17085 12 23.7545 -49.7535306665
199 2456257.1723 10 29.6035 -50.2628291889
200 2456257.17375 9 17.6438 -50.6117026343
201 2456257.17519 12 20.4782 -51.1369542105
202 2456257.17664 9 21.1266 -51.9303433347
203 2456257.17809 13 14.4981 -52.44941666
204 2456257.17953 10 16.5402 -52.8623425445
205 2456257.18098 10 17.3196 -53.2550086063
206 2456257.18243 8 17.6045 -54.2195586415
207 2456257.18387 9 17.9249 -55.0012394054
208 2456257.18532 10 19.8247 -55.6986345149
209 2456257.18677 12 17.5527 -56.3488863287
210 2456257.18821 9 19.5429 -56.7697400185
211 2456257.18966 10 13.1396 -56.9637293702
212 2456257.19111 10 19.3711 -57.3736783325
213 2456257.19255 10 16.8817 -57.7686137815
