#time 		photoelectrons 	error 		visit 	orbit 	scan 	wave_center 	wave_start 	wave_end
0.345126933741 7437969.54826 870024.032545 1.2 0.0 2456306.95783 1.0 9.0 0.0
0.34631307681 7478947.68072 874985.610608 1.2 0.0 2456306.95928 1.0 9.0 0.0
0.347498911442 7494217.87861 876760.111335 1.2 0.0 2456306.96073 1.0 9.0 0.0
0.348684744547 7504401.5442 877908.928016 1.2 0.0 2456306.96217 1.0 9.0 0.0
0.34987057956 7511115.31512 878736.816086 1.2 0.0 2456306.96362 1.0 9.0 0.0
0.35105671156 7516190.99848 879325.947539 1.2 0.0 2456306.96507 1.0 9.0 0.0
0.352242537411 7522214.16417 879990.944229 1.2 0.0 2456306.96651 1.0 9.0 0.0
0.353428365554 7524568.80129 880266.689198 1.2 0.0 2456306.96796 1.0 9.0 0.0
0.354614185679 7525520.58052 880335.977664 1.2 0.0 2456306.96941 1.0 9.0 0.0
0.355800306609 7527528.27178 880627.680717 1.2 0.0 2456306.97085 1.0 9.0 0.0
0.356986124826 7529128.39681 880762.011503 1.2 0.0 2456306.9723 1.0 9.0 0.0
0.358171936172 7529113.41112 880840.800775 1.2 0.0 2456306.97375 1.0 9.0 0.0
0.359357744464 7528809.18403 880762.694129 1.2 0.0 2456306.97519 1.0 9.0 0.0
0.360543856995 7526480.40366 880481.110807 1.2 0.0 2456306.97664 1.0 9.0 0.0
0.36172965918 7527544.43493 880571.661947 1.2 0.0 2456306.97809 1.0 9.0 0.0
0.362915459074 7526683.37477 880533.574359 1.2 0.0 2456306.97953 1.0 9.0 0.0
0.364101260495 7526623.73922 880493.006958 1.2 0.0 2456306.98098 1.0 9.0 0.0
0.365287363483 7523947.50728 880159.921392 1.2 0.0 2456306.98243 1.0 9.0 0.0
0.366473152689 7523673.72619 880144.721463 1.2 0.0 2456306.98387 1.0 9.0 0.0
0.367658949147 7523460.70859 880187.926628 1.2 0.0 2456306.98532 1.0 9.0 0.0
0.368844745224 7524321.19757 880241.777465 1.2 0.0 2456306.98677 1.0 9.0 0.0
0.370030835233 7522052.12997 879946.788129 1.2 0.0 2456306.98821 1.0 9.0 0.0
0.371216630547 7524870.45695 880324.54137 1.2 0.0 2456306.98966 1.0 9.0 0.0
0.37240242586 7523411.34504 880158.89477 1.2 0.0 2456306.99111 1.0 9.0 0.0
0.397837392006 7518779.77379 879401.313327 1.2 0.0 2456307.02213 1.0 9.0 0.0
0.399023527822 7528185.02586 880664.809806 1.2 0.0 2456307.02358 1.0 9.0 0.0
0.400209367798 7530998.00524 880984.005287 1.2 0.0 2456307.02503 1.0 9.0 0.0
0.401395206629 7534810.02922 881426.770651 1.2 0.0 2456307.02647 1.0 9.0 0.0
0.402581036298 7534281.36307 881372.911649 1.2 0.0 2456307.02792 1.0 9.0 0.0
0.403767175932 7536233.86067 881665.797102 1.2 0.0 2456307.02937 1.0 9.0 0.0
0.40613883298 7537179.99954 881728.783091 1.2 0.0 2456307.03226 1.0 9.0 0.0
0.407324661885 7537181.94942 881771.67116 1.2 0.0 2456307.03371 1.0 9.0 0.0
0.409696605613 7534938.13832 881471.707577 1.2 0.0 2456307.0366 1.0 9.0 0.0
0.410882425357 7534818.32783 881453.822057 1.2 0.0 2456307.03805 1.0 9.0 0.0
0.412068242811 7532504.61579 881202.056122 1.2 0.0 2456307.03949 1.0 9.0 0.0
0.413254355342 7533539.49721 881303.911881 1.2 0.0 2456307.04094 1.0 9.0 0.0
0.414440162107 7533546.42005 881337.187879 1.2 0.0 2456307.04239 1.0 9.0 0.0
0.415625969636 7531813.66129 881151.655533 1.2 0.0 2456307.04383 1.0 9.0 0.0
0.416811770675 7530331.26403 880995.558042 1.2 0.0 2456307.04528 1.0 9.0 0.0
0.417997872518 7531949.6224 881119.806759 1.2 0.0 2456307.04673 1.0 9.0 0.0
0.419183673176 7531698.85416 881053.211492 1.2 0.0 2456307.04817 1.0 9.0 0.0
0.420369467344 7530521.50875 880931.136308 1.2 0.0 2456307.04962 1.0 9.0 0.0
0.452303218394 7517846.67052 879354.926605 1.2 0.0 2456307.08858 1.0 9.0 0.0
0.453489058752 7526328.77134 880418.151158 1.2 0.0 2456307.09002 1.0 9.0 0.0
0.454674899109 7524534.74795 880253.890869 1.2 0.0 2456307.09147 1.0 9.0 0.0
0.455860729923 7525900.39333 880416.229188 1.2 0.0 2456307.09291 1.0 9.0 0.0
0.457046870702 7521903.09709 879970.066109 1.2 0.0 2456307.09436 1.0 9.0 0.0
0.458232706479 7520076.06136 879753.340481 1.2 0.0 2456307.09581 1.0 9.0 0.0
0.459418532331 7519640.03289 879754.406764 1.2 0.0 2456307.09726 1.0 9.0 0.0
0.460604363527 7517159.11383 879435.809287 1.2 0.0 2456307.0987 1.0 9.0 0.0
0.461790495908 7514898.89279 879144.097962 1.2 0.0 2456307.10015 1.0 9.0 0.0
0.462976313362 7516498.0245 879366.252494 1.2 0.0 2456307.1016 1.0 9.0 0.0
0.464162136542 7514068.01641 879053.820967 1.2 0.0 2456307.10304 1.0 9.0 0.0
0.465347956286 7517118.64603 879449.784237 1.2 0.0 2456307.10449 1.0 9.0 0.0
0.466534072253 7516904.95755 879368.79182 1.2 0.0 2456307.10594 1.0 9.0 0.0
0.46771988169 7518208.01036 879533.945582 1.2 0.0 2456307.10738 1.0 9.0 0.0
0.468905692273 7519384.21849 879716.760117 1.2 0.0 2456307.10883 1.0 9.0 0.0
0.470091496366 7520316.57561 879809.927675 1.2 0.0 2456307.11027 1.0 9.0 0.0
0.471277600499 7520460.32967 879811.41813 1.2 0.0 2456307.11172 1.0 9.0 0.0
0.472463403065 7522235.45849 880034.257865 1.2 0.0 2456307.11317 1.0 9.0 0.0
0.473649199524 7523408.9082 880130.137088 1.2 0.0 2456307.11461 1.0 9.0 0.0
0.474834994074 7525547.28131 880394.669454 1.2 0.0 2456307.11606 1.0 9.0 0.0
0.476021094771 7522571.24889 880029.366917 1.2 0.0 2456307.11751 1.0 9.0 0.0
0.477206886649 7524413.46197 880272.577097 1.2 0.0 2456307.11895 1.0 9.0 0.0
0.478392829692 7526621.94895 880572.715075 1.2 0.0 2456307.1204 1.0 9.0 0.0
0.479578473077 7523059.5298 880109.402858 1.2 0.0 2456307.12185 1.0 9.0 0.0
0.480764567667 7523997.77781 880202.101532 1.2 0.0 2456307.12329 1.0 9.0 0.0
-0.49322169025 7504113.94182 877720.53806 1.2 0.0 2456307.15503 1.0 9.0 0.0
-0.492036001439 7515062.34301 879051.10842 1.2 0.0 2456307.15647 1.0 9.0 0.0
-0.490849862568 7517049.10238 879354.31405 1.2 0.0 2456307.15792 1.0 9.0 0.0
-0.489664027937 7517974.16636 879487.397727 1.2 0.0 2456307.15937 1.0 9.0 0.0
-0.488478038704 7518193.14267 879576.945651 1.2 0.0 2456307.16081 1.0 9.0 0.0
-0.487292358674 7521364.17522 879905.824035 1.2 0.0 2456307.16226 1.0 9.0 0.0
-0.486106225529 7525288.57416 880417.743705 1.2 0.0 2456307.16371 1.0 9.0 0.0
-0.484920394333 7524925.39227 880353.756169 1.2 0.0 2456307.16515 1.0 9.0 0.0
-0.483734418079 7527078.49918 880540.913233 1.2 0.0 2456307.1666 1.0 9.0 0.0
-0.482548747973 7528996.8747 880824.203748 1.2 0.0 2456307.16805 1.0 9.0 0.0
-0.4813626217 7528858.52462 880791.431148 1.2 0.0 2456307.16949 1.0 9.0 0.0
-0.480176801956 7527551.06856 880559.155152 1.2 0.0 2456307.17094 1.0 9.0 0.0
-0.478990841735 7530540.94 880904.949462 1.2 0.0 2456307.17239 1.0 9.0 0.0
-0.476619065969 7528833.00929 880731.056393 1.2 0.0 2456307.17528 1.0 9.0 0.0
-0.474247309671 7528974.26917 880750.730488 1.2 0.0 2456307.17817 1.0 9.0 0.0
-0.470689764168 7525876.74304 880415.000308 1.2 0.0 2456307.18251 1.0 9.0 0.0
-0.468318179267 7522135.83349 879999.392417 1.2 0.0 2456307.18541 1.0 9.0 0.0
-0.46713208086 7518765.17427 879597.255417 1.2 0.0 2456307.18685 1.0 9.0 0.0
-0.465946285165 7519139.08559 879660.852291 1.2 0.0 2456307.1883 1.0 9.0 0.0
-0.464760346321 7517389.72941 879413.036449 1.2 0.0 2456307.18975 1.0 9.0 0.0
-0.438756315066 7504775.13812 877801.410776 1.2 0.0 2456307.22147 1.0 9.0 0.0
-0.437570175432 7512643.33851 878851.843118 1.2 0.0 2456307.22292 1.0 9.0 0.0
-0.436384340037 7517625.24549 879513.745203 1.2 0.0 2456307.22436 1.0 9.0 0.0
-0.43519834966 7517428.59676 879447.570868 1.2 0.0 2456307.22581 1.0 9.0 0.0
-0.43401266772 7517475.67215 879455.341507 1.2 0.0 2456307.22726 1.0 9.0 0.0
-0.432826533049 7521798.75304 880003.620344 1.2 0.0 2456307.2287 1.0 9.0 0.0
-0.431640699562 7521665.02072 879986.27012 1.2 0.0 2456307.23015 1.0 9.0 0.0
-0.430454720637 7520765.06031 879801.84335 1.2 0.0 2456307.2316 1.0 9.0 0.0
-0.429269047859 7522129.30934 880038.466501 1.2 0.0 2456307.23304 1.0 9.0 0.0
-0.428082918531 7526248.63887 880492.893559 1.2 0.0 2456307.23449 1.0 9.0 0.0
-0.426897095733 7525090.81303 880355.570401 1.2 0.0 2456307.23594 1.0 9.0 0.0
-0.425711132459 7525707.68096 880399.66543 1.2 0.0 2456307.23738 1.0 9.0 0.0
-0.424525467315 7525649.50279 880446.662378 1.2 0.0 2456307.23883 1.0 9.0 0.0
-0.423339350585 7524897.13183 880269.517214 1.2 0.0 2456307.24028 1.0 9.0 0.0
-0.422153548019 7524580.651 880247.775186 1.2 0.0 2456307.24172 1.0 9.0 0.0
-0.420967588562 7523416.19489 880068.447484 1.2 0.0 2456307.24317 1.0 9.0 0.0
-0.419781935252 7523600.32353 880165.836897 1.2 0.0 2456307.24461 1.0 9.0 0.0
-0.418595837226 7522862.53276 880055.403335 1.2 0.0 2456307.24606 1.0 9.0 0.0
-0.41741003695 7522705.6653 880097.714447 1.2 0.0 2456307.24751 1.0 9.0 0.0
-0.416224086654 7522690.00346 880040.956837 1.2 0.0 2456307.24895 1.0 9.0 0.0
0.318950816244 7490564.73366 876223.58215 1.2 0.0 2456256.9112 0.0 4.0 0.0
0.320136860827 7511498.8182 878732.815933 1.2 0.0 2456256.91264 0.0 4.0 0.0
0.321322755008 7520367.08208 879716.298331 1.2 0.0 2456256.91409 0.0 4.0 0.0
0.322508795011 7524738.10398 880239.561682 1.2 0.0 2456256.91554 0.0 4.0 0.0
0.323694680794 7529095.15667 880722.208082 1.2 0.0 2456256.91698 0.0 4.0 0.0
0.324880720415 7529834.35348 880829.101488 1.2 0.0 2456256.91843 0.0 4.0 0.0
0.326066601236 7534010.86468 881238.889584 1.2 0.0 2456256.91988 0.0 4.0 0.0
0.327252632077 7535724.9713 881436.081148 1.2 0.0 2456256.92132 0.0 4.0 0.0
0.328438512897 7535928.2353 881468.308378 1.2 0.0 2456256.92277 0.0 4.0 0.0
0.329624539158 7537493.86614 881625.346048 1.2 0.0 2456256.92422 0.0 4.0 0.0
0.330810411581 7538112.54996 881699.311258 1.2 0.0 2456256.92566 0.0 4.0 0.0
0.331996438986 7537823.1193 881631.198773 1.2 0.0 2456256.92711 0.0 4.0 0.0
0.333182308355 7539232.01352 881842.119771 1.2 0.0 2456256.92856 0.0 4.0 0.0
0.334368328507 7540000.70512 881935.545533 1.2 0.0 2456256.93 0.0 4.0 0.0
0.335554200167 7539138.97185 881812.951301 1.2 0.0 2456256.93145 0.0 4.0 0.0
0.336740222991 7537595.23384 881645.64382 1.2 0.0 2456256.9329 0.0 4.0 0.0
0.337926085489 7539961.91659 881946.932414 1.2 0.0 2456256.93434 0.0 4.0 0.0
0.339112108314 7537270.24934 881601.764416 1.2 0.0 2456256.93579 0.0 4.0 0.0
0.34029797921 7537223.79479 881630.813005 1.2 0.0 2456256.93724 0.0 4.0 0.0
0.364766831063 7509639.01151 878297.781268 1.2 0.0 2456256.96709 0.0 4.0 0.0
0.365952731734 7518869.15734 879428.582412 1.2 0.0 2456256.96853 0.0 4.0 0.0
0.367138787769 7522872.8796 879918.675395 1.2 0.0 2456256.96998 0.0 4.0 0.0
0.368324692257 7525880.7657 880297.421979 1.2 0.0 2456256.97143 0.0 4.0 0.0
0.369510739131 7528664.36052 880593.585598 1.2 0.0 2456256.97287 0.0 4.0 0.0
0.370696640947 7528210.57722 880527.917862 1.2 0.0 2456256.97432 0.0 4.0 0.0
0.371882693165 7532720.67385 881082.884794 1.2 0.0 2456256.97577 0.0 4.0 0.0
0.37306858391 7532218.43104 881001.274398 1.2 0.0 2456256.97721 0.0 4.0 0.0
0.374254632311 7532071.83969 881010.598549 1.2 0.0 2456256.97866 0.0 4.0 0.0
0.375440527638 7534782.91707 881329.612729 1.2 0.0 2456256.98011 0.0 4.0 0.0
0.378998494571 7531754.19633 880958.802356 1.2 0.0 2456256.98445 0.0 4.0 0.0
0.380184372338 7530682.06488 880836.769446 1.2 0.0 2456256.98589 0.0 4.0 0.0
0.381370407378 7529101.01827 880661.104265 1.2 0.0 2456256.98734 0.0 4.0 0.0
0.382556288962 7530012.72872 880739.918345 1.2 0.0 2456256.98879 0.0 4.0 0.0
0.383742311787 7528072.6126 880486.822641 1.2 0.0 2456256.99023 0.0 4.0 0.0
0.384928189172 7527186.42763 880349.643351 1.2 0.0 2456256.99168 0.0 4.0 0.0
0.386114216578 7526725.29485 880348.382244 1.2 0.0 2456256.99313 0.0 4.0 0.0
0.387300082511 7523363.334 880000.498505 1.2 0.0 2456256.99457 0.0 4.0 0.0
0.388486106863 7525165.85418 880226.83473 1.2 0.0 2456256.99602 0.0 4.0 0.0
0.389671978904 7524978.0956 880174.681009 1.2 0.0 2456256.99747 0.0 4.0 0.0
0.390857997529 7525806.24864 880285.425363 1.2 0.0 2456256.99891 0.0 4.0 0.0
0.392043864226 7525286.5228 880197.126559 1.2 0.0 2456257.00036 0.0 4.0 0.0
0.393229886669 7526035.36913 880302.365124 1.2 0.0 2456257.00181 0.0 4.0 0.0
0.394415753366 7526826.4943 880401.291424 1.2 0.0 2456257.00325 0.0 4.0 0.0
0.395601772755 7528866.02556 880668.172938 1.2 0.0 2456257.0047 0.0 4.0 0.0
0.419264110474 7520745.5183 879515.491562 1.2 0.0 2456257.03357 0.0 4.0 0.0
0.420450006946 7529418.86971 880626.962049 1.2 0.0 2456257.03501 0.0 4.0 0.0
0.422821967088 7532618.31918 881044.391624 1.2 0.0 2456257.03791 0.0 4.0 0.0
0.424008017779 7532761.32257 881083.089037 1.2 0.0 2456257.03935 0.0 4.0 0.0
0.426379967232 7534609.20898 881270.755659 1.2 0.0 2456257.04225 0.0 4.0 0.0
0.427565862177 7533067.63225 881095.528629 1.2 0.0 2456257.04369 0.0 4.0 0.0
0.42875190676 7533184.84796 881098.73913 1.2 0.0 2456257.04514 0.0 4.0 0.0
0.429937801323 7531339.60623 880895.040844 1.2 0.0 2456257.04659 0.0 4.0 0.0
0.431123841325 7530147.85263 880751.942746 1.2 0.0 2456257.04803 0.0 4.0 0.0
0.432309728254 7528749.99439 880598.2227 1.2 0.0 2456257.04948 0.0 4.0 0.0
0.433495767875 7530783.13552 880900.940017 1.2 0.0 2456257.05093 0.0 4.0 0.0
0.434681649841 7529493.69066 880680.722603 1.2 0.0 2456257.05237 0.0 4.0 0.0
0.435867680682 7528771.2455 880634.854947 1.2 0.0 2456257.05382 0.0 4.0 0.0
0.437053562266 7527782.1556 880457.088306 1.2 0.0 2456257.05527 0.0 4.0 0.0
0.438239588908 7527077.07705 880409.027275 1.2 0.0 2456257.05671 0.0 4.0 0.0
0.439425462476 7526898.90043 880388.520142 1.2 0.0 2456257.05816 0.0 4.0 0.0
0.4406114895 7527525.06955 880475.531552 1.2 0.0 2456257.05961 0.0 4.0 0.0
0.441797359632 7528752.86385 880610.205058 1.2 0.0 2456257.06105 0.0 4.0 0.0
0.442983379785 7527015.61134 880429.67053 1.2 0.0 2456257.0625 0.0 4.0 0.0
0.444169251826 7524965.01119 880166.761439 1.2 0.0 2456257.06395 0.0 4.0 0.0
0.44535527465 7526603.61219 880339.000406 1.2 0.0 2456257.06539 0.0 4.0 0.0
0.446541137148 7527063.00616 880401.639306 1.2 0.0 2456257.06684 0.0 4.0 0.0
0.447727159591 7529350.17244 880663.84604 1.2 0.0 2456257.06829 0.0 4.0 0.0
0.448913030487 7529548.41879 880679.156931 1.2 0.0 2456257.06973 0.0 4.0 0.0
0.473751817625 7509942.71496 878170.63623 1.2 0.0 2456257.10003 0.0 4.0 0.0
0.474937865644 7516843.75718 879189.816834 1.2 0.0 2456257.10148 0.0 4.0 0.0
0.477309825403 7517837.16662 879315.358456 1.2 0.0 2456257.10437 0.0 4.0 0.0
0.478495719967 7517073.57861 879259.779972 1.2 0.0 2456257.10582 0.0 4.0 0.0
0.47968177333 7518740.11242 879499.557029 1.2 0.0 2456257.10727 0.0 4.0 0.0
0.480867673619 7516498.67995 879208.347484 1.2 0.0 2456257.10871 0.0 4.0 0.0
0.482053719729 7518927.61886 879449.435479 1.2 0.0 2456257.11016 0.0 4.0 0.0
0.483239612383 7517881.59099 879325.077 1.2 0.0 2456257.11161 0.0 4.0 0.0
0.484425658875 7517160.94775 879210.119351 1.2 0.0 2456257.11305 0.0 4.0 0.0
0.485611547331 7521249.96661 879680.633879 1.2 0.0 2456257.1145 0.0 4.0 0.0
0.486797585424 7522454.37393 879879.271144 1.2 0.0 2456257.11595 0.0 4.0 0.0
0.487983473498 7524915.91104 880159.954354 1.2 0.0 2456257.11739 0.0 4.0 0.0
0.489169507011 7525325.38977 880201.307577 1.2 0.0 2456257.11884 0.0 4.0 0.0
0.490355385924 7528124.2454 880525.689998 1.2 0.0 2456257.12029 0.0 4.0 0.0
0.491541419437 7530927.39057 880870.473476 1.2 0.0 2456257.12173 0.0 4.0 0.0
0.49272729415 7531069.45312 880861.250486 1.2 0.0 2456257.12318 0.0 4.0 0.0
0.493913319265 7531740.57772 880962.028407 1.2 0.0 2456257.12463 0.0 4.0 0.0
0.495099194741 7532071.62197 880966.782237 1.2 0.0 2456257.12607 0.0 4.0 0.0
0.496285216421 7532978.2555 881079.329355 1.2 0.0 2456257.12752 0.0 4.0 0.0
0.497471085027 7533994.50532 881200.955507 1.2 0.0 2456257.12897 0.0 4.0 0.0
0.499842975693 7533463.76601 881184.689166 1.2 0.0 2456257.13186 0.0 4.0 0.0
-0.496599113106 7531424.8949 880878.419291 1.2 0.0 2456257.1362 0.0 4.0 0.0
-0.471750918233 7510508.70234 878367.05462 1.2 0.0 2456257.16651 0.0 4.0 0.0
-0.468192911218 7525685.55844 880228.874139 1.2 0.0 2456257.17085 0.0 4.0 0.0
-0.467007012455 7529893.54022 880734.717106 1.2 0.0 2456257.1723 0.0 4.0 0.0
-0.465820963673 7530708.11406 880845.946053 1.2 0.0 2456257.17375 0.0 4.0 0.0
-0.464635063766 7532762.82566 881072.075186 1.2 0.0 2456257.17519 0.0 4.0 0.0
-0.463449013457 7536279.06113 881401.760993 1.2 0.0 2456257.17664 0.0 4.0 0.0
-0.46226312462 7536633.25786 881490.933638 1.2 0.0 2456257.17809 0.0 4.0 0.0
-0.46107707851 7539708.7129 881844.611511 1.2 0.0 2456257.17953 0.0 4.0 0.0
-0.459891186237 7538648.2495 881728.835712 1.2 0.0 2456257.18098 0.0 4.0 0.0
-0.458705152342 7540653.48111 881978.856951 1.2 0.0 2456257.18243 0.0 4.0 0.0
-0.45751926465 7540013.38027 881944.958673 1.2 0.0 2456257.18387 0.0 4.0 0.0
-0.456333226938 7541941.91744 882107.61976 1.2 0.0 2456257.18532 0.0 4.0 0.0
-0.455147351843 7538449.82622 881661.215952 1.2 0.0 2456257.18677 0.0 4.0 0.0
-0.453961319093 7539726.52081 881846.437608 1.2 0.0 2456257.18821 0.0 4.0 0.0
-0.452775439799 7539746.85433 881850.795969 1.2 0.0 2456257.18966 0.0 4.0 0.0
-0.451589419265 7538171.1914 881649.159482 1.2 0.0 2456257.19111 0.0 4.0 0.0
-0.450403543789 7536939.2004 881580.613549 1.2 0.0 2456257.19255 0.0 4.0 0.0
