0 2456306.95783 20 24.361145 0.0
1 2456306.95928 17 26.092686 -0.62915214727
2 2456306.96073 15 28.185654 -0.474570503003
3 2456306.96217 13 31.679867 -0.846581319375
4 2456306.96362 12 24.388224 -0.598227761485
5 2456306.96507 17 26.484932 -1.13173439571
6 2456306.96651 18 15.617158 -1.02145955922
7 2456306.96796 15 20.584883 -1.38220535949
8 2456306.96941 17 25.638931 -1.60884062174
9 2456306.97085 12 16.805416 -2.05959597704
10 2456306.9723 18 16.825632 -2.43786797039
11 2456306.97375 14 14.840433 -2.87455208026
12 2456306.97519 16 20.349049 -3.08553597208
13 2456306.97664 11 20.774155 -3.39402906369
14 2456306.97809 17 15.8096 -3.79975698677
15 2456306.97953 15 17.621567 -4.11246845656
16 2456306.98098 15 21.6317 -4.49000527504
17 2456306.98243 17 18.075436 -5.5527772346
18 2456306.98387 14 22.527145 -6.95039151766
19 2456306.98532 15 14.3193 -7.27538441684
20 2456306.98677 14 21.430653 -8.01520705875
21 2456306.98821 15 24.763956 -8.39575641192
22 2456306.98966 12 18.379595 -8.43985727219
23 2456306.99111 14 24.180399 -9.10819366188
24 2456307.02213 12 31.451511 -6.15976524639
25 2456307.02358 12 27.716713 -5.96199826441
26 2456307.02503 12 22.929684 -5.94587959684
27 2456307.02647 12 29.040644 -5.87502884915
28 2456307.02792 13 19.299362 -5.99225567111
29 2456307.02937 15 28.48264 -5.94451530892
30 2456307.03226 14 20.682354 -6.64826730127
31 2456307.03371 18 23.701546 -7.12744376802
32 2456307.0366 15 17.543697 -7.62972469513
33 2456307.03805 15 24.29435 -8.13299451444
34 2456307.03949 14 24.44172 -8.40707153641
35 2456307.04094 15 25.007395 -8.91234009451
36 2456307.04239 16 24.791393 -8.9084885265
37 2456307.04383 16 14.099329 -9.36802474796
38 2456307.04528 16 21.47693 -9.88578174658
39 2456307.04673 21 19.286972 -9.85741515741
40 2456307.04817 16 20.767384 -10.977198658
41 2456307.04962 15 23.353413 -11.8909070575
42 2456307.08858 15 35.519455 -12.3248027465
43 2456307.09002 14 32.106354 -12.5532448422
44 2456307.09147 17 25.294079 -12.3084459159
45 2456307.09291 21 26.150301 -12.4289784319
46 2456307.09436 13 22.06055 -12.5121556738
47 2456307.09581 13 23.20177 -12.4701503584
48 2456307.09726 15 25.136847 -12.4922332905
49 2456307.0987 12 25.283367 -12.8910407637
50 2456307.10015 14 21.54805 -13.4152545934
51 2456307.1016 17 17.629534 -13.4809614186
52 2456307.10304 15 21.035313 -14.0945351967
53 2456307.10449 15 14.676462 -14.2559957911
54 2456307.10594 15 20.485126 -14.6454806066
55 2456307.10738 21 23.329346 -14.9795418214
56 2456307.10883 16 22.74746 -15.2003479789
57 2456307.11027 17 19.872627 -15.5529196321
58 2456307.11172 13 21.438862 -15.9152499344
59 2456307.11317 16 22.710026 -16.0777659663
60 2456307.11461 17 21.29366 -16.8157472502
61 2456307.11606 13 25.818527 -17.9726389484
62 2456307.11751 15 14.947826 -19.0213373541
63 2456307.11895 17 19.855658 -20.0703206553
64 2456307.1204 22 19.338228 -20.205755301
65 2456307.12185 15 18.021126 -20.7677412979
66 2456307.12329 19 20.246643 -21.3274173936
67 2456307.15503 21 40.37372 -18.5603429993
68 2456307.15647 21 30.205969 -18.6412639139
69 2456307.15792 14 27.284685 -18.5006946437
70 2456307.15937 13 24.689749 -18.6206656355
71 2456307.16081 16 23.78231 -18.5756453341
72 2456307.16226 15 25.299742 -18.7416984575
73 2456307.16371 15 18.537992 -18.9440848059
74 2456307.16515 14 20.231049 -19.0503397972
75 2456307.1666 17 22.812555 -19.2735142626
76 2456307.16805 18 23.223038 -19.7901885515
77 2456307.16949 17 20.848995 -20.2504529701
78 2456307.17094 15 20.695717 -20.4851397571
79 2456307.17239 14 17.754229 -20.9278157502
80 2456307.17528 20 19.027617 -21.5473996462
81 2456307.17817 13 18.780334 -22.110411286
82 2456307.18251 20 16.40642 -24.0391173596
83 2456307.18541 19 14.367937 -25.6815409124
84 2456307.18685 24 15.535011 -25.941175975
85 2456307.1883 15 21.19619 -26.6680528239
86 2456307.18975 21 22.079182 -27.3263125775
87 2456307.22147 16 42.503067 -24.5788414465
88 2456307.22292 13 33.257164 -24.8353204492
89 2456307.22436 20 31.692757 -24.3223396875
90 2456307.22581 16 24.60772 -24.4465980646
91 2456307.22726 17 22.776917 -24.4570308167
92 2456307.2287 15 22.408958 -24.5825934115
93 2456307.23015 14 17.840794 -24.9936518199
94 2456307.2316 14 21.99282 -25.0405884259
95 2456307.23304 16 21.930996 -25.5888663793
96 2456307.23449 18 20.42775 -25.7821870877
97 2456307.23594 16 18.734476 -26.0414289486
98 2456307.23738 17 22.228134 -26.373320905
99 2456307.23883 14 17.504501 -26.8126743258
100 2456307.24028 15 18.852407 -27.0751649386
101 2456307.24172 23 18.496279 -27.5729275645
102 2456307.24317 18 12.166791 -27.5920875762
103 2456307.24461 17 20.041763 -27.8286980844
104 2456307.24606 16 21.545982 -28.3202311818
105 2456307.24751 15 19.476513 -28.639782338
106 2456307.24895 17 17.5865 -30.1671890524
107 2456256.9112 11 22.494774 -10.1977067139
108 2456256.91264 13 15.756898 -11.0826763455
109 2456256.91409 13 15.057417 -11.4835225489
110 2456256.91554 10 16.02507 -11.9303756755
111 2456256.91698 10 14.251345 -12.6912387694
112 2456256.91843 11 12.726448 -13.2482543096
113 2456256.91988 14 17.550613 -13.8926170482
114 2456256.92132 13 19.519474 -14.2754237293
115 2456256.92277 12 14.632326 -14.6436850544
116 2456256.92422 18 23.714386 -15.1851019628
117 2456256.92566 8 16.767517 -15.3232002439
118 2456256.92711 13 18.756054 -15.5816423721
119 2456256.92856 12 13.537209 -16.1483555325
120 2456256.93 9 17.81516 -16.4089056519
121 2456256.93145 10 17.12108 -16.7900208954
122 2456256.9329 11 15.663902 -17.1510337006
123 2456256.93434 11 10.998659 -17.4830676801
124 2456256.93579 14 23.612473 -17.7579702713
125 2456256.93724 12 17.511837 -17.78421599
126 2456256.96709 12 29.902702 -15.5025026394
127 2456256.96853 11 22.541998 -16.009195569
128 2456256.96998 9 22.81438 -16.4090166255
129 2456256.97143 8 23.94255 -16.8827261292
130 2456256.97287 13 21.953423 -17.3575767621
131 2456256.97432 10 20.236687 -18.1267432578
132 2456256.97577 11 18.762074 -18.5979205413
133 2456256.97721 13 18.97023 -19.2824700328
134 2456256.97866 10 23.762177 -20.0227535873
135 2456256.98011 15 14.940475 -20.4557073246
136 2456256.98445 11 19.601143 -22.7318574449
137 2456256.98589 11 16.454153 -23.1606556734
138 2456256.98734 12 13.374022 -23.9868626333
139 2456256.98879 12 17.517738 -24.5652212997
140 2456256.99023 11 12.922147 -24.7493881797
141 2456256.99168 11 15.112418 -25.2028052821
142 2456256.99313 15 12.417115 -25.7313412232
143 2456256.99457 11 17.39007 -25.8218289879
144 2456256.99602 12 18.76598 -26.2166547787
145 2456256.99747 15 19.97765 -26.458017379
146 2456256.99891 13 11.261166 -26.8237360108
147 2456257.00036 13 15.198368 -27.092135395
148 2456257.00181 16 17.122875 -27.7613287612
149 2456257.00325 12 14.124294 -28.1114434511
150 2456257.0047 11 18.086674 -28.0082955562
151 2456257.03357 14 33.61612 -26.7279848859
152 2456257.03501 13 26.13933 -27.1820099224
153 2456257.03791 13 22.22105 -27.9006951631
154 2456257.03935 13 19.836678 -28.4257596505
155 2456257.04225 12 23.122955 -29.5441942235
156 2456257.04369 11 15.57897 -29.9678737277
157 2456257.04514 17 16.736927 -30.8064205864
158 2456257.04659 12 17.674057 -31.434596846
159 2456257.04803 13 19.588963 -31.7350717195
160 2456257.04948 11 24.258526 -32.7929562163
161 2456257.05093 11 22.434603 -33.4866990589
162 2456257.05237 13 12.794119 -34.1508926413
163 2456257.05382 13 16.794552 -34.9894708825
164 2456257.05527 12 16.627625 -35.2728947776
165 2456257.05671 13 12.715244 -35.6984358922
166 2456257.05816 18 14.6268635 -36.147837589
167 2456257.05961 13 16.43346 -36.3195809772
168 2456257.06105 11 13.450872 -36.6302432668
169 2456257.0625 13 20.463211 -36.9438447572
170 2456257.06395 20 15.213762 -37.2674318944
171 2456257.06539 13 21.82967 -37.5721408305
172 2456257.06684 13 20.49022 -38.1593797943
173 2456257.06829 11 17.04771 -38.4871133278
174 2456257.06973 19 17.555452 -38.8848223758
175 2456257.10003 15 32.34415 -37.9277889288
176 2456257.10148 11 33.10925 -38.1990115828
177 2456257.10437 12 24.278446 -39.0756557359
178 2456257.10582 20 15.205315 -39.4623104278
179 2456257.10727 16 27.108597 -39.972906995
180 2456257.10871 12 21.727972 -40.5193199599
181 2456257.11016 11 21.974186 -41.3243289852
182 2456257.11161 14 19.870245 -41.6866696664
183 2456257.11305 13 15.735802 -42.3151773586
184 2456257.1145 12 17.16954 -42.7658785205
185 2456257.11595 14 15.03488 -43.8419863024
186 2456257.11739 11 17.53908 -44.4188632422
187 2456257.11884 11 25.617573 -45.0956201523
188 2456257.12029 20 20.479805 -45.856756598
189 2456257.12173 15 17.651617 -46.2098985897
190 2456257.12318 12 17.954006 -46.625983001
191 2456257.12463 13 18.458786 -47.3174765017
192 2456257.12607 14 21.296272 -47.4486235478
193 2456257.12752 13 18.32911 -47.6987288544
194 2456257.12897 11 18.694818 -47.9714829778
195 2456257.13186 20 16.609138 -48.4860008964
196 2456257.1362 14 20.224827 -49.7555749867
197 2456257.16651 15 31.637974 -48.6424671408
198 2456257.17085 16 23.754532 -49.827454097
199 2456257.1723 14 29.603489 -50.3660437077
200 2456257.17375 12 17.64376 -50.6828060118
201 2456257.17519 16 20.47818 -51.2342015402
202 2456257.17664 13 21.126564 -52.0261670254
203 2456257.17809 17 14.498142 -52.5339225933
204 2456257.17953 12 16.540161 -52.9568000131
205 2456257.18098 14 17.319561 -53.3515422368
206 2456257.18243 10 17.604511 -54.2754653384
207 2456257.18387 11 17.924866 -55.0979484653
208 2456257.18532 14 19.824682 -55.7659636305
209 2456257.18677 18 17.552732 -56.4522411757
210 2456257.18821 13 19.542938 -56.8737006987
211 2456257.18966 15 13.139626 -57.1024481492
212 2456257.19111 13 19.371147 -57.5143208381
213 2456257.19255 11 16.881699 -57.9818432167
