#time 		photoelectrons 	error 		visit 	orbit 	scan 	wave_center 	wave_start 	wave_end
0.345126933741 5866993.40205 1102158.86916 1.4875 0.0 2456306.95783 1.0 9.0 0.0
0.34631307681 5891644.34818 1106824.11936 1.4875 0.0 2456306.95928 1.0 9.0 0.0
0.347498911442 5905240.70312 1109273.73661 1.4875 0.0 2456306.96073 1.0 9.0 0.0
0.348684744547 5912786.15234 1110623.09589 1.4875 0.0 2456306.96217 1.0 9.0 0.0
0.34987057956 5917166.85794 1111490.7381 1.4875 0.0 2456306.96362 1.0 9.0 0.0
0.35105671156 5921833.56407 1112339.31127 1.4875 0.0 2456306.96507 1.0 9.0 0.0
0.352242537411 5924291.30197 1112735.80735 1.4875 0.0 2456306.96651 1.0 9.0 0.0
0.353428365554 5926866.11377 1113219.4236 1.4875 0.0 2456306.96796 1.0 9.0 0.0
0.354614185679 5927009.44941 1113188.02301 1.4875 0.0 2456306.96941 1.0 9.0 0.0
0.355800306609 5929733.44916 1113773.76677 1.4875 0.0 2456306.97085 1.0 9.0 0.0
0.356986124826 5928684.04468 1113518.09348 1.4875 0.0 2456306.9723 1.0 9.0 0.0
0.358171936172 5929084.17486 1113698.71441 1.4875 0.0 2456306.97375 1.0 9.0 0.0
0.359357744464 5928510.37136 1113501.53553 1.4875 0.0 2456306.97519 1.0 9.0 0.0
0.360543856995 5926968.1679 1113210.81894 1.4875 0.0 2456306.97664 1.0 9.0 0.0
0.36172965918 5928938.728 1113584.44762 1.4875 0.0 2456306.97809 1.0 9.0 0.0
0.362915459074 5925292.62987 1112979.87142 1.4875 0.0 2456306.97953 1.0 9.0 0.0
0.364101260495 5924604.95774 1112774.62292 1.4875 0.0 2456306.98098 1.0 9.0 0.0
0.365287363483 5924454.86416 1112721.80737 1.4875 0.0 2456306.98243 1.0 9.0 0.0
0.366473152689 5922896.26731 1112428.7421 1.4875 0.0 2456306.98387 1.0 9.0 0.0
0.367658949147 5926845.53767 1113258.4001 1.4875 0.0 2456306.98532 1.0 9.0 0.0
0.368844745224 5923286.80011 1112555.5649 1.4875 0.0 2456306.98677 1.0 9.0 0.0
0.370030835233 5921409.92781 1112167.95084 1.4875 0.0 2456306.98821 1.0 9.0 0.0
0.371216630547 5925091.87844 1112934.9361 1.4875 0.0 2456306.98966 1.0 9.0 0.0
0.37240242586 5922405.34291 1112398.16034 1.4875 0.0 2456306.99111 1.0 9.0 0.0
0.397837392006 5920726.07103 1111902.5844 1.4875 0.0 2456307.02213 1.0 9.0 0.0
0.399023527822 5927272.98869 1113253.88931 1.4875 0.0 2456307.02358 1.0 9.0 0.0
0.400209367798 5928690.33986 1113544.90627 1.4875 0.0 2456307.02503 1.0 9.0 0.0
0.401395206629 5931083.10658 1113937.87604 1.4875 0.0 2456307.02647 1.0 9.0 0.0
0.402581036298 5930273.58513 1113831.68308 1.4875 0.0 2456307.02792 1.0 9.0 0.0
0.403767175932 5931208.11908 1114055.53067 1.4875 0.0 2456307.02937 1.0 9.0 0.0
0.40613883298 5932600.33409 1114289.33589 1.4875 0.0 2456307.03226 1.0 9.0 0.0
0.407324661885 5933476.0379 1114482.19993 1.4875 0.0 2456307.03371 1.0 9.0 0.0
0.409696605613 5931901.19712 1114135.4128 1.4875 0.0 2456307.0366 1.0 9.0 0.0
0.410882425357 5932236.17278 1114209.78164 1.4875 0.0 2456307.03805 1.0 9.0 0.0
0.412068242811 5933065.70839 1114373.60086 1.4875 0.0 2456307.03949 1.0 9.0 0.0
0.413254355342 5931132.23083 1113957.73596 1.4875 0.0 2456307.04094 1.0 9.0 0.0
0.414440162107 5928570.08204 1113552.24833 1.4875 0.0 2456307.04239 1.0 9.0 0.0
0.415625969636 5931266.98305 1114057.95397 1.4875 0.0 2456307.04383 1.0 9.0 0.0
0.416811770675 5929698.63531 1113817.50549 1.4875 0.0 2456307.04528 1.0 9.0 0.0
0.417997872518 5929800.59115 1113702.65561 1.4875 0.0 2456307.04673 1.0 9.0 0.0
0.419183673176 5927983.8796 1113348.65243 1.4875 0.0 2456307.04817 1.0 9.0 0.0
0.420369467344 5928908.54641 1113550.0562 1.4875 0.0 2456307.04962 1.0 9.0 0.0
0.452303218394 5919178.93385 1111705.08729 1.4875 0.0 2456307.08858 1.0 9.0 0.0
0.453489058752 5923518.94143 1112548.65142 1.4875 0.0 2456307.09002 1.0 9.0 0.0
0.454674899109 5923200.75813 1112521.1629 1.4875 0.0 2456307.09147 1.0 9.0 0.0
0.455860729923 5921766.47356 1112237.75347 1.4875 0.0 2456307.09291 1.0 9.0 0.0
0.457046870702 5921117.50065 1112166.06804 1.4875 0.0 2456307.09436 1.0 9.0 0.0
0.458232706479 5917565.61105 1111468.53587 1.4875 0.0 2456307.09581 1.0 9.0 0.0
0.459418532331 5918053.56501 1111657.88035 1.4875 0.0 2456307.09726 1.0 9.0 0.0
0.460604363527 5916264.02376 1111250.61265 1.4875 0.0 2456307.0987 1.0 9.0 0.0
0.461790495908 5914529.19533 1110926.45673 1.4875 0.0 2456307.10015 1.0 9.0 0.0
0.462976313362 5916338.40904 1111281.5523 1.4875 0.0 2456307.1016 1.0 9.0 0.0
0.464162136542 5915119.13658 1111030.50766 1.4875 0.0 2456307.10304 1.0 9.0 0.0
0.465347956286 5915856.42446 1111207.6657 1.4875 0.0 2456307.10449 1.0 9.0 0.0
0.466534072253 5915851.05389 1111166.85175 1.4875 0.0 2456307.10594 1.0 9.0 0.0
0.46771988169 5916396.67742 1111281.89743 1.4875 0.0 2456307.10738 1.0 9.0 0.0
0.468905692273 5917542.83649 1111521.9829 1.4875 0.0 2456307.10883 1.0 9.0 0.0
0.470091496366 5918245.95344 1111653.95314 1.4875 0.0 2456307.11027 1.0 9.0 0.0
0.471277600499 5918980.56414 1111772.30547 1.4875 0.0 2456307.11172 1.0 9.0 0.0
0.472463403065 5920730.73929 1112115.442 1.4875 0.0 2456307.11317 1.0 9.0 0.0
0.473649199524 5920206.04588 1111964.72646 1.4875 0.0 2456307.11461 1.0 9.0 0.0
0.474834994074 5921099.12334 1112172.84603 1.4875 0.0 2456307.11606 1.0 9.0 0.0
0.476021094771 5923060.21446 1112468.40665 1.4875 0.0 2456307.11751 1.0 9.0 0.0
0.477206886649 5920073.81596 1111966.92132 1.4875 0.0 2456307.11895 1.0 9.0 0.0
0.478392829692 5922343.05515 1112460.01843 1.4875 0.0 2456307.1204 1.0 9.0 0.0
0.479578473077 5921269.66124 1112166.97746 1.4875 0.0 2456307.12185 1.0 9.0 0.0
0.480764567667 5922561.79966 1112410.80745 1.4875 0.0 2456307.12329 1.0 9.0 0.0
-0.49322169025 5905607.36668 1109130.58265 1.4875 0.0 2456307.15503 1.0 9.0 0.0
-0.492036001439 5913990.22805 1110695.14301 1.4875 0.0 2456307.15647 1.0 9.0 0.0
-0.490849862568 5915613.72138 1111073.54257 1.4875 0.0 2456307.15792 1.0 9.0 0.0
-0.489664027937 5916781.79685 1111310.44692 1.4875 0.0 2456307.15937 1.0 9.0 0.0
-0.488478038704 5917891.32715 1111617.31507 1.4875 0.0 2456307.16081 1.0 9.0 0.0
-0.487292358674 5917632.1303 1111515.26919 1.4875 0.0 2456307.16226 1.0 9.0 0.0
-0.486106225529 5921110.22018 1112212.5217 1.4875 0.0 2456307.16371 1.0 9.0 0.0
-0.484920394333 5921888.73005 1112340.29691 1.4875 0.0 2456307.16515 1.0 9.0 0.0
-0.483734418079 5921223.78714 1112118.65684 1.4875 0.0 2456307.1666 1.0 9.0 0.0
-0.482548747973 5921970.83258 1112372.65533 1.4875 0.0 2456307.16805 1.0 9.0 0.0
-0.4813626217 5925923.63707 1113069.61838 1.4875 0.0 2456307.16949 1.0 9.0 0.0
-0.480176801956 5923294.35507 1112478.51861 1.4875 0.0 2456307.17094 1.0 9.0 0.0
-0.478990841735 5925574.14335 1112873.56464 1.4875 0.0 2456307.17239 1.0 9.0 0.0
-0.476619065969 5924959.97632 1112815.14793 1.4875 0.0 2456307.17528 1.0 9.0 0.0
-0.474247309671 5925951.50211 1112985.90443 1.4875 0.0 2456307.17817 1.0 9.0 0.0
-0.470689764168 5922790.92508 1112435.29081 1.4875 0.0 2456307.18251 1.0 9.0 0.0
-0.468318179267 5923000.81913 1112515.01099 1.4875 0.0 2456307.18541 1.0 9.0 0.0
-0.46713208086 5921552.08988 1112276.33582 1.4875 0.0 2456307.18685 1.0 9.0 0.0
-0.465946285165 5919663.30508 1111909.00826 1.4875 0.0 2456307.1883 1.0 9.0 0.0
-0.464760346321 5919310.42232 1111788.84138 1.4875 0.0 2456307.18975 1.0 9.0 0.0
-0.438756315066 5908833.07955 1109729.87395 1.4875 0.0 2456307.22147 1.0 9.0 0.0
-0.437570175432 5915723.96665 1111136.71546 1.4875 0.0 2456307.22292 1.0 9.0 0.0
-0.436384340037 5918354.80567 1111703.02163 1.4875 0.0 2456307.22436 1.0 9.0 0.0
-0.43519834966 5920203.61721 1112004.04263 1.4875 0.0 2456307.22581 1.0 9.0 0.0
-0.43401266772 5920156.37765 1111999.66186 1.4875 0.0 2456307.22726 1.0 9.0 0.0
-0.432826533049 5921217.30572 1112205.82765 1.4875 0.0 2456307.2287 1.0 9.0 0.0
-0.431640699562 5921971.45458 1112380.65449 1.4875 0.0 2456307.23015 1.0 9.0 0.0
-0.430454720637 5922285.61316 1112318.43044 1.4875 0.0 2456307.2316 1.0 9.0 0.0
-0.429269047859 5924084.25679 1112764.43318 1.4875 0.0 2456307.23304 1.0 9.0 0.0
-0.428082918531 5924734.48014 1112809.35501 1.4875 0.0 2456307.23449 1.0 9.0 0.0
-0.426897095733 5924493.91956 1112796.22822 1.4875 0.0 2456307.23594 1.0 9.0 0.0
-0.425711132459 5925314.74989 1112917.60359 1.4875 0.0 2456307.23738 1.0 9.0 0.0
-0.424525467315 5926184.12668 1113100.09443 1.4875 0.0 2456307.23883 1.0 9.0 0.0
-0.423339350585 5926501.9951 1113082.97656 1.4875 0.0 2456307.24028 1.0 9.0 0.0
-0.422153548019 5925335.49248 1112857.8922 1.4875 0.0 2456307.24172 1.0 9.0 0.0
-0.420967588562 5923994.34632 1112586.728 1.4875 0.0 2456307.24317 1.0 9.0 0.0
-0.419781935252 5924405.64883 1112748.62342 1.4875 0.0 2456307.24461 1.0 9.0 0.0
-0.418595837226 5924404.24111 1112697.35299 1.4875 0.0 2456307.24606 1.0 9.0 0.0
-0.41741003695 5925910.54611 1113084.12468 1.4875 0.0 2456307.24751 1.0 9.0 0.0
-0.416224086654 5922718.08664 1112364.46231 1.4875 0.0 2456307.24895 1.0 9.0 0.0
0.318950816244 5897788.48957 1107680.64532 1.4875 0.0 2456256.9112 0.0 4.0 0.0
0.320136860827 5917909.68315 1111457.74321 1.4875 0.0 2456256.91264 0.0 4.0 0.0
0.321322755008 5926654.72712 1113004.33272 1.4875 0.0 2456256.91409 0.0 4.0 0.0
0.322508795011 5932329.78674 1114077.95576 1.4875 0.0 2456256.91554 0.0 4.0 0.0
0.323694680794 5935382.6519 1114632.51141 1.4875 0.0 2456256.91698 0.0 4.0 0.0
0.324880720415 5935751.12951 1114697.19114 1.4875 0.0 2456256.91843 0.0 4.0 0.0
0.326066601236 5938621.95873 1115134.86973 1.4875 0.0 2456256.91988 0.0 4.0 0.0
0.327252632077 5938374.40019 1115084.6157 1.4875 0.0 2456256.92132 0.0 4.0 0.0
0.328438512897 5940095.39816 1115439.14056 1.4875 0.0 2456256.92277 0.0 4.0 0.0
0.329624539158 5940414.16292 1115432.90185 1.4875 0.0 2456256.92422 0.0 4.0 0.0
0.330810411581 5941389.52629 1115609.22778 1.4875 0.0 2456256.92566 0.0 4.0 0.0
0.331996438986 5940474.07634 1115417.25533 1.4875 0.0 2456256.92711 0.0 4.0 0.0
0.333182308355 5940191.28204 1115401.55332 1.4875 0.0 2456256.92856 0.0 4.0 0.0
0.334368328507 5941177.14115 1115642.24899 1.4875 0.0 2456256.93 0.0 4.0 0.0
0.335554200167 5941345.32 1115616.26441 1.4875 0.0 2456256.93145 0.0 4.0 0.0
0.336740222991 5940240.38179 1115430.95081 1.4875 0.0 2456256.9329 0.0 4.0 0.0
0.337926085489 5941308.28736 1115642.47984 1.4875 0.0 2456256.93434 0.0 4.0 0.0
0.339112108314 5939331.03609 1115231.6249 1.4875 0.0 2456256.93579 0.0 4.0 0.0
0.34029797921 5939401.15979 1115285.61199 1.4875 0.0 2456256.93724 0.0 4.0 0.0
0.364766831063 5918609.89987 1111372.82268 1.4875 0.0 2456256.96709 0.0 4.0 0.0
0.365952731734 5924073.18316 1112396.99485 1.4875 0.0 2456256.96853 0.0 4.0 0.0
0.367138787769 5927353.60555 1113026.48608 1.4875 0.0 2456256.96998 0.0 4.0 0.0
0.368324692257 5928978.46704 1113339.99129 1.4875 0.0 2456256.97143 0.0 4.0 0.0
0.369510739131 5932557.13663 1113977.54364 1.4875 0.0 2456256.97287 0.0 4.0 0.0
0.370696640947 5932543.93194 1113937.32228 1.4875 0.0 2456256.97432 0.0 4.0 0.0
0.371882693165 5931494.83666 1113828.81483 1.4875 0.0 2456256.97577 0.0 4.0 0.0
0.37306858391 5933512.3933 1114147.94084 1.4875 0.0 2456256.97721 0.0 4.0 0.0
0.374254632311 5934870.45919 1114445.11034 1.4875 0.0 2456256.97866 0.0 4.0 0.0
0.375440527638 5935487.48961 1114548.87428 1.4875 0.0 2456256.98011 0.0 4.0 0.0
0.378998494571 5931838.59775 1113852.08206 1.4875 0.0 2456256.98445 0.0 4.0 0.0
0.380184372338 5933447.59198 1114153.87136 1.4875 0.0 2456256.98589 0.0 4.0 0.0
0.381370407378 5932703.22851 1114012.77105 1.4875 0.0 2456256.98734 0.0 4.0 0.0
0.382556288962 5930165.50166 1113513.33229 1.4875 0.0 2456256.98879 0.0 4.0 0.0
0.383742311787 5930861.22058 1113602.73977 1.4875 0.0 2456256.99023 0.0 4.0 0.0
0.384928189172 5928822.98637 1113177.83102 1.4875 0.0 2456256.99168 0.0 4.0 0.0
0.386114216578 5927054.67755 1112925.82996 1.4875 0.0 2456256.99313 0.0 4.0 0.0
0.387300082511 5927759.34799 1113089.58081 1.4875 0.0 2456256.99457 0.0 4.0 0.0
0.388486106863 5928032.1244 1113179.71284 1.4875 0.0 2456256.99602 0.0 4.0 0.0
0.389671978904 5926970.54657 1112952.61703 1.4875 0.0 2456256.99747 0.0 4.0 0.0
0.390857997529 5928704.87386 1113283.09922 1.4875 0.0 2456256.99891 0.0 4.0 0.0
0.392043864226 5927438.37008 1113037.3086 1.4875 0.0 2456257.00036 0.0 4.0 0.0
0.393229886669 5929133.58247 1113358.9612 1.4875 0.0 2456257.00181 0.0 4.0 0.0
0.394415753366 5927895.65407 1113146.42855 1.4875 0.0 2456257.00325 0.0 4.0 0.0
0.395601772755 5929885.54279 1113551.75253 1.4875 0.0 2456257.0047 0.0 4.0 0.0
0.419264110474 5924348.06981 1112341.97324 1.4875 0.0 2456257.03357 0.0 4.0 0.0
0.420450006946 5927802.22433 1113041.44689 1.4875 0.0 2456257.03501 0.0 4.0 0.0
0.422821967088 5930874.88493 1113671.70921 1.4875 0.0 2456257.03791 0.0 4.0 0.0
0.424008017779 5930987.00692 1113729.98348 1.4875 0.0 2456257.03935 0.0 4.0 0.0
0.426379967232 5933023.56203 1114061.78211 1.4875 0.0 2456257.04225 0.0 4.0 0.0
0.427565862177 5930632.3409 1113626.18044 1.4875 0.0 2456257.04369 0.0 4.0 0.0
0.42875190676 5932750.57691 1113969.36629 1.4875 0.0 2456257.04514 0.0 4.0 0.0
0.429937801323 5930558.39067 1113608.89559 1.4875 0.0 2456257.04659 0.0 4.0 0.0
0.431123841325 5931534.60211 1113741.14688 1.4875 0.0 2456257.04803 0.0 4.0 0.0
0.432309728254 5930418.75345 1113560.26875 1.4875 0.0 2456257.04948 0.0 4.0 0.0
0.433495767875 5930596.44681 1113682.56472 1.4875 0.0 2456257.05093 0.0 4.0 0.0
0.434681649841 5927726.55341 1113046.15076 1.4875 0.0 2456257.05237 0.0 4.0 0.0
0.435867680682 5929419.62378 1113400.41057 1.4875 0.0 2456257.05382 0.0 4.0 0.0
0.437053562266 5927541.70112 1113001.68294 1.4875 0.0 2456257.05527 0.0 4.0 0.0
0.438239588908 5931692.14294 1113761.78374 1.4875 0.0 2456257.05671 0.0 4.0 0.0
0.439425462476 5928480.66425 1113228.54027 1.4875 0.0 2456257.05816 0.0 4.0 0.0
0.4406114895 5927196.01117 1112992.74586 1.4875 0.0 2456257.05961 0.0 4.0 0.0
0.441797359632 5925093.64671 1112569.27131 1.4875 0.0 2456257.06105 0.0 4.0 0.0
0.442983379785 5927639.70649 1113076.53075 1.4875 0.0 2456257.0625 0.0 4.0 0.0
0.444169251826 5929697.93048 1113432.19581 1.4875 0.0 2456257.06395 0.0 4.0 0.0
0.44535527465 5928095.77409 1113106.73703 1.4875 0.0 2456257.06539 0.0 4.0 0.0
0.446541137148 5926366.36987 1112807.59325 1.4875 0.0 2456257.06684 0.0 4.0 0.0
0.447727159591 5929996.01778 1113512.1839 1.4875 0.0 2456257.06829 0.0 4.0 0.0
0.448913030487 5929020.70377 1113282.42416 1.4875 0.0 2456257.06973 0.0 4.0 0.0
0.473751817625 5911238.09589 1109794.24727 1.4875 0.0 2456257.10003 0.0 4.0 0.0
0.474937865644 5916062.60465 1110911.06002 1.4875 0.0 2456257.10148 0.0 4.0 0.0
0.477309825403 5916392.46345 1110946.44323 1.4875 0.0 2456257.10437 0.0 4.0 0.0
0.478495719967 5918149.89097 1111319.49569 1.4875 0.0 2456257.10582 0.0 4.0 0.0
0.47968177333 5915973.35673 1111000.33707 1.4875 0.0 2456257.10727 0.0 4.0 0.0
0.480867673619 5918772.52955 1111462.47995 1.4875 0.0 2456257.10871 0.0 4.0 0.0
0.482053719729 5918189.73666 1111280.99498 1.4875 0.0 2456257.11016 0.0 4.0 0.0
0.483239612383 5917506.08943 1111150.21129 1.4875 0.0 2456257.11161 0.0 4.0 0.0
0.484425658875 5917513.67536 1111114.3704 1.4875 0.0 2456257.11305 0.0 4.0 0.0
0.485611547331 5916692.68468 1110990.86396 1.4875 0.0 2456257.1145 0.0 4.0 0.0
0.486797585424 5922946.87167 1112191.57419 1.4875 0.0 2456257.11595 0.0 4.0 0.0
0.487983473498 5922305.99794 1112110.99536 1.4875 0.0 2456257.11739 0.0 4.0 0.0
0.489169507011 5921781.38032 1111944.59464 1.4875 0.0 2456257.11884 0.0 4.0 0.0
0.490355385924 5924744.1948 1112505.15054 1.4875 0.0 2456257.12029 0.0 4.0 0.0
0.491541419437 5923393.04919 1112314.94859 1.4875 0.0 2456257.12173 0.0 4.0 0.0
0.49272729415 5924241.1796 1112427.49683 1.4875 0.0 2456257.12318 0.0 4.0 0.0
0.493913319265 5925569.47379 1112694.00567 1.4875 0.0 2456257.12463 0.0 4.0 0.0
0.495099194741 5925287.64994 1112584.73704 1.4875 0.0 2456257.12607 0.0 4.0 0.0
0.496285216421 5928846.41945 1113282.01523 1.4875 0.0 2456257.12752 0.0 4.0 0.0
0.497471085027 5927448.16576 1113027.28495 1.4875 0.0 2456257.12897 0.0 4.0 0.0
0.499842975693 5928292.06406 1113221.63736 1.4875 0.0 2456257.13186 0.0 4.0 0.0
-0.496599113106 5926091.4246 1112744.96448 1.4875 0.0 2456257.1362 0.0 4.0 0.0
-0.471750918233 5912639.66781 1110214.04504 1.4875 0.0 2456257.16651 0.0 4.0 0.0
-0.468192911218 5923281.31637 1112263.88359 1.4875 0.0 2456257.17085 0.0 4.0 0.0
-0.467007012455 5924306.80413 1112443.80655 1.4875 0.0 2456257.1723 0.0 4.0 0.0
-0.465820963673 5927990.18579 1113151.91511 1.4875 0.0 2456257.17375 0.0 4.0 0.0
-0.464635063766 5927306.52149 1113000.54085 1.4875 0.0 2456257.17519 0.0 4.0 0.0
-0.463449013457 5927411.97227 1112935.45369 1.4875 0.0 2456257.17664 0.0 4.0 0.0
-0.46226312462 5931746.71135 1113821.93524 1.4875 0.0 2456257.17809 0.0 4.0 0.0
-0.46107707851 5932333.82636 1113900.54894 1.4875 0.0 2456257.17953 0.0 4.0 0.0
-0.459891186237 5932776.58378 1113999.13544 1.4875 0.0 2456257.18098 0.0 4.0 0.0
-0.458705152342 5933392.92256 1114128.99097 1.4875 0.0 2456257.18243 0.0 4.0 0.0
-0.45751926465 5932504.52302 1114006.79617 1.4875 0.0 2456257.18387 0.0 4.0 0.0
-0.456333226938 5935535.17578 1114496.88363 1.4875 0.0 2456257.18532 0.0 4.0 0.0
-0.455147351843 5933955.08497 1114161.6988 1.4875 0.0 2456257.18677 0.0 4.0 0.0
-0.453961319093 5934732.59658 1114342.02926 1.4875 0.0 2456257.18821 0.0 4.0 0.0
-0.452775439799 5935389.88043 1114454.43048 1.4875 0.0 2456257.18966 0.0 4.0 0.0
-0.451589419265 5932832.78104 1113982.61267 1.4875 0.0 2456257.19111 0.0 4.0 0.0
-0.450403543789 5936754.79287 1114789.85213 1.4875 0.0 2456257.19255 0.0 4.0 0.0
