#time 		photoelectrons 	error 		visit 	orbit 	scan 	wave_center 	wave_start 	wave_end
0.345126933741 4613092.12774 545681.956153 1.62 0.0 2456306.95783 1.0 9.0 0.0
0.34631307681 4636319.7678 548404.421219 1.62 0.0 2456306.95928 1.0 9.0 0.0
0.347498911442 4646126.64418 549516.622449 1.62 0.0 2456306.96073 1.0 9.0 0.0
0.348684744547 4651471.3213 550085.201424 1.62 0.0 2456306.96217 1.0 9.0 0.0
0.34987057956 4655523.60667 550599.313022 1.62 0.0 2456306.96362 1.0 9.0 0.0
0.35105671156 4658407.40644 550891.463355 1.62 0.0 2456306.96507 1.0 9.0 0.0
0.352242537411 4660810.97875 551155.210386 1.62 0.0 2456306.96651 1.0 9.0 0.0
0.353428365554 4662549.83169 551342.386885 1.62 0.0 2456306.96796 1.0 9.0 0.0
0.354614185679 4661938.67748 551240.971377 1.62 0.0 2456306.96941 1.0 9.0 0.0
0.355800306609 4665907.44303 551762.881435 1.62 0.0 2456306.97085 1.0 9.0 0.0
0.356986124826 4664206.91642 551530.273161 1.62 0.0 2456306.9723 1.0 9.0 0.0
0.358171936172 4666965.73461 551921.977337 1.62 0.0 2456306.97375 1.0 9.0 0.0
0.359357744464 4666549.0008 551826.587805 1.62 0.0 2456306.97519 1.0 9.0 0.0
0.360543856995 4664638.99975 551564.587046 1.62 0.0 2456306.97664 1.0 9.0 0.0
0.36172965918 4664469.52431 551600.26317 1.62 0.0 2456306.97809 1.0 9.0 0.0
0.362915459074 4661984.05107 551271.009734 1.62 0.0 2456306.97953 1.0 9.0 0.0
0.364101260495 4659394.93134 550970.351729 1.62 0.0 2456306.98098 1.0 9.0 0.0
0.365287363483 4661114.66327 551126.167308 1.62 0.0 2456306.98243 1.0 9.0 0.0
0.366473152689 4657769.75174 550743.827077 1.62 0.0 2456306.98387 1.0 9.0 0.0
0.367658949147 4658497.38247 550911.156901 1.62 0.0 2456306.98532 1.0 9.0 0.0
0.368844745224 4661748.45883 551207.965551 1.62 0.0 2456306.98677 1.0 9.0 0.0
0.370030835233 4659694.49759 550961.573328 1.62 0.0 2456306.98821 1.0 9.0 0.0
0.371216630547 4659727.00653 551033.824907 1.62 0.0 2456306.98966 1.0 9.0 0.0
0.37240242586 4659068.05718 550893.583632 1.62 0.0 2456306.99111 1.0 9.0 0.0
0.397837392006 4657996.47752 550746.298954 1.62 0.0 2456307.02213 1.0 9.0 0.0
0.399023527822 4663306.93098 551385.520011 1.62 0.0 2456307.02358 1.0 9.0 0.0
0.400209367798 4663865.28416 551506.682142 1.62 0.0 2456307.02503 1.0 9.0 0.0
0.401395206629 4662957.77128 551365.333259 1.62 0.0 2456307.02647 1.0 9.0 0.0
0.402581036298 4665065.79307 551597.092141 1.62 0.0 2456307.02792 1.0 9.0 0.0
0.403767175932 4666535.62344 551819.079938 1.62 0.0 2456307.02937 1.0 9.0 0.0
0.40613883298 4663999.81382 551535.993517 1.62 0.0 2456307.03226 1.0 9.0 0.0
0.407324661885 4665866.2267 551734.732043 1.62 0.0 2456307.03371 1.0 9.0 0.0
0.409696605613 4664730.02346 551565.161799 1.62 0.0 2456307.0366 1.0 9.0 0.0
0.410882425357 4665163.74504 551631.112928 1.62 0.0 2456307.03805 1.0 9.0 0.0
0.412068242811 4663495.6912 551473.333678 1.62 0.0 2456307.03949 1.0 9.0 0.0
0.413254355342 4664078.06788 551496.411112 1.62 0.0 2456307.04094 1.0 9.0 0.0
0.414440162107 4664725.40427 551573.552406 1.62 0.0 2456307.04239 1.0 9.0 0.0
0.415625969636 4664901.46479 551625.621245 1.62 0.0 2456307.04383 1.0 9.0 0.0
0.416811770675 4663362.15876 551424.347873 1.62 0.0 2456307.04528 1.0 9.0 0.0
0.417997872518 4665155.91764 551570.378745 1.62 0.0 2456307.04673 1.0 9.0 0.0
0.419183673176 4661369.94707 551133.788287 1.62 0.0 2456307.04817 1.0 9.0 0.0
0.420369467344 4660681.22219 551112.334285 1.62 0.0 2456307.04962 1.0 9.0 0.0
0.452303218394 4650805.13878 549932.261255 1.62 0.0 2456307.08858 1.0 9.0 0.0
0.453489058752 4655905.2773 550515.069337 1.62 0.0 2456307.09002 1.0 9.0 0.0
0.454674899109 4654649.52152 550378.287153 1.62 0.0 2456307.09147 1.0 9.0 0.0
0.455860729923 4657136.68414 550661.623796 1.62 0.0 2456307.09291 1.0 9.0 0.0
0.457046870702 4652946.57267 550183.101046 1.62 0.0 2456307.09436 1.0 9.0 0.0
0.458232706479 4654096.39552 550338.245715 1.62 0.0 2456307.09581 1.0 9.0 0.0
0.459418532331 4653255.09585 550286.802699 1.62 0.0 2456307.09726 1.0 9.0 0.0
0.460604363527 4654338.27031 550335.521267 1.62 0.0 2456307.0987 1.0 9.0 0.0
0.461790495908 4648682.66071 549704.789422 1.62 0.0 2456307.10015 1.0 9.0 0.0
0.462976313362 4648514.43978 549676.191063 1.62 0.0 2456307.1016 1.0 9.0 0.0
0.464162136542 4650599.99114 549899.993964 1.62 0.0 2456307.10304 1.0 9.0 0.0
0.465347956286 4650515.52835 549901.293736 1.62 0.0 2456307.10449 1.0 9.0 0.0
0.466534072253 4650117.90721 549860.590203 1.62 0.0 2456307.10594 1.0 9.0 0.0
0.46771988169 4650016.60398 549897.542471 1.62 0.0 2456307.10738 1.0 9.0 0.0
0.468905692273 4652906.50045 550246.992994 1.62 0.0 2456307.10883 1.0 9.0 0.0
0.470091496366 4649774.90085 549832.971729 1.62 0.0 2456307.11027 1.0 9.0 0.0
0.471277600499 4651683.28342 550013.75962 1.62 0.0 2456307.11172 1.0 9.0 0.0
0.472463403065 4654243.73897 550395.17255 1.62 0.0 2456307.11317 1.0 9.0 0.0
0.473649199524 4651955.70609 550078.2268 1.62 0.0 2456307.11461 1.0 9.0 0.0
0.474834994074 4654736.50175 550384.935004 1.62 0.0 2456307.11606 1.0 9.0 0.0
0.476021094771 4654825.56 550437.622687 1.62 0.0 2456307.11751 1.0 9.0 0.0
0.477206886649 4653634.93664 550281.811614 1.62 0.0 2456307.11895 1.0 9.0 0.0
0.478392829692 4654571.87654 550399.155327 1.62 0.0 2456307.1204 1.0 9.0 0.0
0.479578473077 4653697.85974 550242.313649 1.62 0.0 2456307.12185 1.0 9.0 0.0
0.480764567667 4653614.6214 550281.166564 1.62 0.0 2456307.12329 1.0 9.0 0.0
-0.49322169025 4642227.70851 548890.892466 1.62 0.0 2456307.15503 1.0 9.0 0.0
-0.492036001439 4646887.45223 549410.625159 1.62 0.0 2456307.15647 1.0 9.0 0.0
-0.490849862568 4649645.3674 549781.926805 1.62 0.0 2456307.15792 1.0 9.0 0.0
-0.489664027937 4650574.83937 549918.467208 1.62 0.0 2456307.15937 1.0 9.0 0.0
-0.488478038704 4653560.38178 550295.498096 1.62 0.0 2456307.16081 1.0 9.0 0.0
-0.487292358674 4651429.23897 550007.508184 1.62 0.0 2456307.16226 1.0 9.0 0.0
-0.486106225529 4654840.48485 550447.208792 1.62 0.0 2456307.16371 1.0 9.0 0.0
-0.484920394333 4654618.75512 550407.97178 1.62 0.0 2456307.16515 1.0 9.0 0.0
-0.483734418079 4654343.43994 550363.774114 1.62 0.0 2456307.1666 1.0 9.0 0.0
-0.482548747973 4656303.00088 550592.37818 1.62 0.0 2456307.16805 1.0 9.0 0.0
-0.4813626217 4654348.19993 550361.192096 1.62 0.0 2456307.16949 1.0 9.0 0.0
-0.480176801956 4656442.16831 550580.295334 1.62 0.0 2456307.17094 1.0 9.0 0.0
-0.478990841735 4656371.52895 550537.389756 1.62 0.0 2456307.17239 1.0 9.0 0.0
-0.476619065969 4654998.24873 550438.245185 1.62 0.0 2456307.17528 1.0 9.0 0.0
-0.474247309671 4655519.48977 550430.398731 1.62 0.0 2456307.17817 1.0 9.0 0.0
-0.470689764168 4653646.03337 550269.245955 1.62 0.0 2456307.18251 1.0 9.0 0.0
-0.468318179267 4653834.14111 550299.060123 1.62 0.0 2456307.18541 1.0 9.0 0.0
-0.46713208086 4653526.20073 550232.699963 1.62 0.0 2456307.18685 1.0 9.0 0.0
-0.465946285165 4649836.29242 549835.645897 1.62 0.0 2456307.1883 1.0 9.0 0.0
-0.464760346321 4651538.45803 549996.750461 1.62 0.0 2456307.18975 1.0 9.0 0.0
-0.438756315066 4645810.7415 549268.322789 1.62 0.0 2456307.22147 1.0 9.0 0.0
-0.437570175432 4648350.72989 549630.494877 1.62 0.0 2456307.22292 1.0 9.0 0.0
-0.436384340037 4651428.97186 550074.665039 1.62 0.0 2456307.22436 1.0 9.0 0.0
-0.43519834966 4651757.26541 550023.42894 1.62 0.0 2456307.22581 1.0 9.0 0.0
-0.43401266772 4650721.29779 549957.252587 1.62 0.0 2456307.22726 1.0 9.0 0.0
-0.432826533049 4651086.5231 550010.747302 1.62 0.0 2456307.2287 1.0 9.0 0.0
-0.431640699562 4654813.30474 550478.409363 1.62 0.0 2456307.23015 1.0 9.0 0.0
-0.430454720637 4652179.58264 550031.595762 1.62 0.0 2456307.2316 1.0 9.0 0.0
-0.429269047859 4655406.6929 550524.342301 1.62 0.0 2456307.23304 1.0 9.0 0.0
-0.428082918531 4655856.13653 550531.168439 1.62 0.0 2456307.23449 1.0 9.0 0.0
-0.426897095733 4658546.74103 550865.281012 1.62 0.0 2456307.23594 1.0 9.0 0.0
-0.425711132459 4657625.57238 550678.549319 1.62 0.0 2456307.23738 1.0 9.0 0.0
-0.424525467315 4657856.65931 550729.373819 1.62 0.0 2456307.23883 1.0 9.0 0.0
-0.423339350585 4658641.9952 550750.01774 1.62 0.0 2456307.24028 1.0 9.0 0.0
-0.422153548019 4655778.2095 550490.403613 1.62 0.0 2456307.24172 1.0 9.0 0.0
-0.420967588562 4655749.88284 550444.924776 1.62 0.0 2456307.24317 1.0 9.0 0.0
-0.419781935252 4659694.18036 550920.227618 1.62 0.0 2456307.24461 1.0 9.0 0.0
-0.418595837226 4654581.58453 550286.35179 1.62 0.0 2456307.24606 1.0 9.0 0.0
-0.41741003695 4655189.33478 550465.372422 1.62 0.0 2456307.24751 1.0 9.0 0.0
-0.416224086654 4656077.24175 550507.046634 1.62 0.0 2456307.24895 1.0 9.0 0.0
0.318950816244 4632016.31731 547617.364599 1.62 0.0 2456256.9112 0.0 4.0 0.0
0.320136860827 4649332.54713 549649.965901 1.62 0.0 2456256.91264 0.0 4.0 0.0
0.321322755008 4659145.74491 550795.546363 1.62 0.0 2456256.91409 0.0 4.0 0.0
0.322508795011 4665910.71121 551507.020087 1.62 0.0 2456256.91554 0.0 4.0 0.0
0.323694680794 4669015.90061 551912.865324 1.62 0.0 2456256.91698 0.0 4.0 0.0
0.324880720415 4670687.93103 552129.794334 1.62 0.0 2456256.91843 0.0 4.0 0.0
0.326066601236 4669638.98643 551917.486597 1.62 0.0 2456256.91988 0.0 4.0 0.0
0.327252632077 4672314.67335 552207.759573 1.62 0.0 2456256.92132 0.0 4.0 0.0
0.328438512897 4672100.12542 552252.00326 1.62 0.0 2456256.92277 0.0 4.0 0.0
0.329624539158 4673637.53324 552356.980296 1.62 0.0 2456256.92422 0.0 4.0 0.0
0.330810411581 4672367.467 552211.53421 1.62 0.0 2456256.92566 0.0 4.0 0.0
0.331996438986 4671733.71905 552134.76699 1.62 0.0 2456256.92711 0.0 4.0 0.0
0.333182308355 4673196.28353 552342.826319 1.62 0.0 2456256.92856 0.0 4.0 0.0
0.334368328507 4673024.38655 552326.842428 1.62 0.0 2456256.93 0.0 4.0 0.0
0.335554200167 4673863.08823 552392.826611 1.62 0.0 2456256.93145 0.0 4.0 0.0
0.336740222991 4674471.81961 552452.264637 1.62 0.0 2456256.9329 0.0 4.0 0.0
0.337926085489 4671071.6515 552114.029943 1.62 0.0 2456256.93434 0.0 4.0 0.0
0.339112108314 4671696.48402 552125.496639 1.62 0.0 2456256.93579 0.0 4.0 0.0
0.34029797921 4673468.09955 552373.900982 1.62 0.0 2456256.93724 0.0 4.0 0.0
0.364766831063 4658234.86448 550591.065687 1.62 0.0 2456256.96709 0.0 4.0 0.0
0.365952731734 4661672.86979 550991.579196 1.62 0.0 2456256.96853 0.0 4.0 0.0
0.367138787769 4662262.93644 551074.894109 1.62 0.0 2456256.96998 0.0 4.0 0.0
0.368324692257 4664637.5559 551316.65146 1.62 0.0 2456256.97143 0.0 4.0 0.0
0.369510739131 4666582.04152 551526.59257 1.62 0.0 2456256.97287 0.0 4.0 0.0
0.370696640947 4666680.88696 551475.892588 1.62 0.0 2456256.97432 0.0 4.0 0.0
0.371882693165 4667660.55649 551669.361798 1.62 0.0 2456256.97577 0.0 4.0 0.0
0.37306858391 4668236.51481 551676.987835 1.62 0.0 2456256.97721 0.0 4.0 0.0
0.374254632311 4666557.31779 551526.958728 1.62 0.0 2456256.97866 0.0 4.0 0.0
0.375440527638 4665513.51145 551432.677352 1.62 0.0 2456256.98011 0.0 4.0 0.0
0.378998494571 4666387.68647 551516.103397 1.62 0.0 2456256.98445 0.0 4.0 0.0
0.380184372338 4666447.64646 551479.223622 1.62 0.0 2456256.98589 0.0 4.0 0.0
0.381370407378 4666598.44119 551533.818913 1.62 0.0 2456256.98734 0.0 4.0 0.0
0.382556288962 4664752.74789 551300.682788 1.62 0.0 2456256.98879 0.0 4.0 0.0
0.383742311787 4664106.75565 551192.897501 1.62 0.0 2456256.99023 0.0 4.0 0.0
0.384928189172 4661499.46318 550866.908368 1.62 0.0 2456256.99168 0.0 4.0 0.0
0.386114216578 4663366.73504 551122.843401 1.62 0.0 2456256.99313 0.0 4.0 0.0
0.387300082511 4662483.4732 551039.897488 1.62 0.0 2456256.99457 0.0 4.0 0.0
0.388486106863 4665373.05846 551419.32622 1.62 0.0 2456256.99602 0.0 4.0 0.0
0.389671978904 4662777.91798 551100.49725 1.62 0.0 2456256.99747 0.0 4.0 0.0
0.390857997529 4661617.33403 550965.767617 1.62 0.0 2456256.99891 0.0 4.0 0.0
0.392043864226 4661603.86623 550997.53998 1.62 0.0 2456257.00036 0.0 4.0 0.0
0.393229886669 4660690.40871 550842.656041 1.62 0.0 2456257.00181 0.0 4.0 0.0
0.394415753366 4663111.93316 551099.706713 1.62 0.0 2456257.00325 0.0 4.0 0.0
0.395601772755 4665631.59942 551451.331146 1.62 0.0 2456257.0047 0.0 4.0 0.0
0.419264110474 4659000.64418 550617.919497 1.62 0.0 2456257.03357 0.0 4.0 0.0
0.420450006946 4663248.22778 551128.594459 1.62 0.0 2456257.03501 0.0 4.0 0.0
0.422821967088 4664348.59712 551262.446504 1.62 0.0 2456257.03791 0.0 4.0 0.0
0.424008017779 4666340.76307 551537.87976 1.62 0.0 2456257.03935 0.0 4.0 0.0
0.426379967232 4663035.47042 551077.940696 1.62 0.0 2456257.04225 0.0 4.0 0.0
0.427565862177 4666334.85678 551480.532436 1.62 0.0 2456257.04369 0.0 4.0 0.0
0.42875190676 4662260.63579 550984.174083 1.62 0.0 2456257.04514 0.0 4.0 0.0
0.429937801323 4664435.84513 551263.526196 1.62 0.0 2456257.04659 0.0 4.0 0.0
0.431123841325 4665967.81052 551414.134122 1.62 0.0 2456257.04803 0.0 4.0 0.0
0.432309728254 4663895.50183 551155.914078 1.62 0.0 2456257.04948 0.0 4.0 0.0
0.433495767875 4662976.27113 551110.898933 1.62 0.0 2456257.05093 0.0 4.0 0.0
0.434681649841 4661502.63314 550913.364477 1.62 0.0 2456257.05237 0.0 4.0 0.0
0.435867680682 4664239.02581 551243.308087 1.62 0.0 2456257.05382 0.0 4.0 0.0
0.437053562266 4663325.99001 551054.593826 1.62 0.0 2456257.05527 0.0 4.0 0.0
0.438239588908 4664422.33574 551214.018464 1.62 0.0 2456257.05671 0.0 4.0 0.0
0.439425462476 4662359.60347 551019.081967 1.62 0.0 2456257.05816 0.0 4.0 0.0
0.4406114895 4661509.95678 550972.609443 1.62 0.0 2456257.05961 0.0 4.0 0.0
0.441797359632 4663094.25557 551051.757798 1.62 0.0 2456257.06105 0.0 4.0 0.0
0.442983379785 4661475.39903 550902.230089 1.62 0.0 2456257.0625 0.0 4.0 0.0
0.444169251826 4660644.34483 550827.662183 1.62 0.0 2456257.06395 0.0 4.0 0.0
0.44535527465 4661949.62487 550939.180361 1.62 0.0 2456257.06539 0.0 4.0 0.0
0.446541137148 4661275.14818 550874.194455 1.62 0.0 2456257.06684 0.0 4.0 0.0
0.447727159591 4661377.26949 550890.712151 1.62 0.0 2456257.06829 0.0 4.0 0.0
0.448913030487 4663379.9787 551092.613472 1.62 0.0 2456257.06973 0.0 4.0 0.0
0.473751817625 4650294.1737 549496.412527 1.62 0.0 2456257.10003 0.0 4.0 0.0
0.474937865644 4653133.68245 549897.378743 1.62 0.0 2456257.10148 0.0 4.0 0.0
0.477309825403 4654115.5232 550031.876409 1.62 0.0 2456257.10437 0.0 4.0 0.0
0.478495719967 4655221.1299 550189.935361 1.62 0.0 2456257.10582 0.0 4.0 0.0
0.47968177333 4653376.0585 550029.378147 1.62 0.0 2456257.10727 0.0 4.0 0.0
0.480867673619 4654171.39203 550065.235281 1.62 0.0 2456257.10871 0.0 4.0 0.0
0.482053719729 4654341.68224 550099.511711 1.62 0.0 2456257.11016 0.0 4.0 0.0
0.483239612383 4656056.35077 550256.351517 1.62 0.0 2456257.11161 0.0 4.0 0.0
0.484425658875 4656108.44814 550243.38292 1.62 0.0 2456257.11305 0.0 4.0 0.0
0.485611547331 4656478.96793 550284.630987 1.62 0.0 2456257.1145 0.0 4.0 0.0
0.486797585424 4654994.10125 550161.869849 1.62 0.0 2456257.11595 0.0 4.0 0.0
0.487983473498 4655397.3361 550216.502058 1.62 0.0 2456257.11739 0.0 4.0 0.0
0.489169507011 4657820.14331 550465.352949 1.62 0.0 2456257.11884 0.0 4.0 0.0
0.490355385924 4658432.14178 550565.369453 1.62 0.0 2456257.12029 0.0 4.0 0.0
0.491541419437 4660025.41476 550790.374489 1.62 0.0 2456257.12173 0.0 4.0 0.0
0.49272729415 4656942.15373 550394.474719 1.62 0.0 2456257.12318 0.0 4.0 0.0
0.493913319265 4658288.0444 550544.55115 1.62 0.0 2456257.12463 0.0 4.0 0.0
0.495099194741 4661418.11039 550900.670257 1.62 0.0 2456257.12607 0.0 4.0 0.0
0.496285216421 4659040.8261 550636.408471 1.62 0.0 2456257.12752 0.0 4.0 0.0
0.497471085027 4659912.85226 550750.435338 1.62 0.0 2456257.12897 0.0 4.0 0.0
0.499842975693 4661379.58209 550938.09339 1.62 0.0 2456257.13186 0.0 4.0 0.0
-0.496599113106 4660002.08859 550708.513886 1.62 0.0 2456257.1362 0.0 4.0 0.0
-0.471750918233 4648616.76644 549391.839021 1.62 0.0 2456257.16651 0.0 4.0 0.0
-0.468192911218 4656085.88405 550286.05924 1.62 0.0 2456257.17085 0.0 4.0 0.0
-0.467007012455 4656789.09687 550361.093805 1.62 0.0 2456257.1723 0.0 4.0 0.0
-0.465820963673 4661160.50886 550869.725845 1.62 0.0 2456257.17375 0.0 4.0 0.0
-0.464635063766 4661367.87045 550883.65266 1.62 0.0 2456257.17519 0.0 4.0 0.0
-0.463449013457 4659751.60148 550644.98921 1.62 0.0 2456257.17664 0.0 4.0 0.0
-0.46226312462 4662314.92214 550953.643815 1.62 0.0 2456257.17809 0.0 4.0 0.0
-0.46107707851 4659539.6503 550695.638616 1.62 0.0 2456257.17953 0.0 4.0 0.0
-0.459891186237 4662247.37421 550986.356195 1.62 0.0 2456257.18098 0.0 4.0 0.0
-0.458705152342 4661965.05316 550994.278197 1.62 0.0 2456257.18243 0.0 4.0 0.0
-0.45751926465 4661927.1499 550984.111313 1.62 0.0 2456257.18387 0.0 4.0 0.0
-0.456333226938 4663218.97268 551086.438394 1.62 0.0 2456257.18532 0.0 4.0 0.0
-0.455147351843 4662943.12844 551038.425525 1.62 0.0 2456257.18677 0.0 4.0 0.0
-0.453961319093 4661515.09162 550867.215995 1.62 0.0 2456257.18821 0.0 4.0 0.0
-0.452775439799 4664002.74899 551213.964869 1.62 0.0 2456257.18966 0.0 4.0 0.0
-0.451589419265 4662665.58137 551049.476008 1.62 0.0 2456257.19111 0.0 4.0 0.0
-0.450403543789 4660827.11879 550842.208267 1.62 0.0 2456257.19255 0.0 4.0 0.0
