#time 		photoelectrons 	error 		visit 	orbit 	scan 	wave_center 	wave_start 	wave_end
0.345126933741 7370644.17536 1046424.02472 1.3235 0.0 2456306.95783 1.0 9.0 0.0
0.34631307681 7411697.9584 1052374.09555 1.3235 0.0 2456306.95928 1.0 9.0 0.0
0.347498911442 7427718.82674 1054632.80592 1.3235 0.0 2456306.96073 1.0 9.0 0.0
0.348684744547 7436786.59563 1055858.70944 1.3235 0.0 2456306.96217 1.0 9.0 0.0
0.34987057956 7442828.96112 1056785.36397 1.3235 0.0 2456306.96362 1.0 9.0 0.0
0.35105671156 7446998.6287 1057371.73325 1.3235 0.0 2456306.96507 1.0 9.0 0.0
0.352242537411 7450973.14959 1057865.75507 1.3235 0.0 2456306.96651 1.0 9.0 0.0
0.353428365554 7453598.86619 1058234.77976 1.3235 0.0 2456306.96796 1.0 9.0 0.0
0.354614185679 7456564.20376 1058619.45915 1.3235 0.0 2456306.96941 1.0 9.0 0.0
0.355800306609 7456476.00774 1058667.74011 1.3235 0.0 2456306.97085 1.0 9.0 0.0
0.356986124826 7457839.47976 1058817.80983 1.3235 0.0 2456306.9723 1.0 9.0 0.0
0.358171936172 7460533.07838 1059272.85954 1.3235 0.0 2456306.97375 1.0 9.0 0.0
0.359357744464 7458276.13044 1058913.69623 1.3235 0.0 2456306.97519 1.0 9.0 0.0
0.360543856995 7457044.15595 1058705.52608 1.3235 0.0 2456306.97664 1.0 9.0 0.0
0.36172965918 7458584.71238 1058926.51693 1.3235 0.0 2456306.97809 1.0 9.0 0.0
0.362915459074 7456503.42198 1058692.56069 1.3235 0.0 2456306.97953 1.0 9.0 0.0
0.364101260495 7455644.47363 1058522.63903 1.3235 0.0 2456306.98098 1.0 9.0 0.0
0.365287363483 7452656.08638 1058066.23954 1.3235 0.0 2456306.98243 1.0 9.0 0.0
0.366473152689 7453201.81805 1058159.51205 1.3235 0.0 2456306.98387 1.0 9.0 0.0
0.367658949147 7452787.68946 1058182.92995 1.3235 0.0 2456306.98532 1.0 9.0 0.0
0.368844745224 7452652.59517 1058106.81718 1.3235 0.0 2456306.98677 1.0 9.0 0.0
0.370030835233 7451193.14174 1057899.31963 1.3235 0.0 2456306.98821 1.0 9.0 0.0
0.371216630547 7453437.001 1058259.42534 1.3235 0.0 2456306.98966 1.0 9.0 0.0
0.37240242586 7454186.79055 1058337.80809 1.3235 0.0 2456306.99111 1.0 9.0 0.0
0.397837392006 7446182.60609 1057034.84369 1.3235 0.0 2456307.02213 1.0 9.0 0.0
0.399023527822 7456949.45135 1058667.06439 1.3235 0.0 2456307.02358 1.0 9.0 0.0
0.400209367798 7460245.50065 1059156.77706 1.3235 0.0 2456307.02503 1.0 9.0 0.0
0.401395206629 7462038.03256 1059390.50544 1.3235 0.0 2456307.02647 1.0 9.0 0.0
0.402581036298 7464802.82433 1059808.22521 1.3235 0.0 2456307.02792 1.0 9.0 0.0
0.403767175932 7464846.90646 1059878.15924 1.3235 0.0 2456307.02937 1.0 9.0 0.0
0.40613883298 7465709.29174 1059942.57191 1.3235 0.0 2456307.03226 1.0 9.0 0.0
0.407324661885 7467244.18827 1060191.67229 1.3235 0.0 2456307.03371 1.0 9.0 0.0
0.409696605613 7464810.8385 1059827.91118 1.3235 0.0 2456307.0366 1.0 9.0 0.0
0.410882425357 7463275.0955 1059611.07652 1.3235 0.0 2456307.03805 1.0 9.0 0.0
0.412068242811 7464511.20362 1059788.27246 1.3235 0.0 2456307.03949 1.0 9.0 0.0
0.413254355342 7465339.81313 1059870.28354 1.3235 0.0 2456307.04094 1.0 9.0 0.0
0.414440162107 7462286.26112 1059516.79484 1.3235 0.0 2456307.04239 1.0 9.0 0.0
0.415625969636 7461204.85539 1059342.82514 1.3235 0.0 2456307.04383 1.0 9.0 0.0
0.416811770675 7461999.42072 1059497.4264 1.3235 0.0 2456307.04528 1.0 9.0 0.0
0.417997872518 7460059.44487 1059131.29265 1.3235 0.0 2456307.04673 1.0 9.0 0.0
0.419183673176 7458994.48489 1058962.03918 1.3235 0.0 2456307.04817 1.0 9.0 0.0
0.420369467344 7462021.95335 1059407.22756 1.3235 0.0 2456307.04962 1.0 9.0 0.0
0.452303218394 7445695.00842 1057007.10453 1.3235 0.0 2456307.08858 1.0 9.0 0.0
0.453489058752 7454166.64557 1058291.3194 1.3235 0.0 2456307.09002 1.0 9.0 0.0
0.454674899109 7455581.83342 1058485.42734 1.3235 0.0 2456307.09147 1.0 9.0 0.0
0.455860729923 7453695.78128 1058260.32972 1.3235 0.0 2456307.09291 1.0 9.0 0.0
0.457046870702 7452335.33999 1058082.20905 1.3235 0.0 2456307.09436 1.0 9.0 0.0
0.458232706479 7451232.78836 1057898.49713 1.3235 0.0 2456307.09581 1.0 9.0 0.0
0.459418532331 7448091.5569 1057558.30378 1.3235 0.0 2456307.09726 1.0 9.0 0.0
0.460604363527 7445698.97263 1057154.1478 1.3235 0.0 2456307.0987 1.0 9.0 0.0
0.461790495908 7445895.65392 1057141.18185 1.3235 0.0 2456307.10015 1.0 9.0 0.0
0.462976313362 7445076.51042 1057091.19815 1.3235 0.0 2456307.1016 1.0 9.0 0.0
0.464162136542 7445282.11882 1057070.05031 1.3235 0.0 2456307.10304 1.0 9.0 0.0
0.465347956286 7448776.11698 1057608.50774 1.3235 0.0 2456307.10449 1.0 9.0 0.0
0.466534072253 7446092.03792 1057179.36997 1.3235 0.0 2456307.10594 1.0 9.0 0.0
0.46771988169 7445725.57799 1057172.78092 1.3235 0.0 2456307.10738 1.0 9.0 0.0
0.468905692273 7448116.49068 1057509.78801 1.3235 0.0 2456307.10883 1.0 9.0 0.0
0.470091496366 7449658.14642 1057731.59356 1.3235 0.0 2456307.11027 1.0 9.0 0.0
0.471277600499 7450797.45657 1057874.41222 1.3235 0.0 2456307.11172 1.0 9.0 0.0
0.472463403065 7452209.55888 1058099.73118 1.3235 0.0 2456307.11317 1.0 9.0 0.0
0.473649199524 7450788.97652 1057850.7418 1.3235 0.0 2456307.11461 1.0 9.0 0.0
0.474834994074 7451806.0705 1058014.36849 1.3235 0.0 2456307.11606 1.0 9.0 0.0
0.476021094771 7452361.27909 1058053.87049 1.3235 0.0 2456307.11751 1.0 9.0 0.0
0.477206886649 7452976.90512 1058201.82951 1.3235 0.0 2456307.11895 1.0 9.0 0.0
0.478392829692 7455044.18252 1058534.97672 1.3235 0.0 2456307.1204 1.0 9.0 0.0
0.479578473077 7452934.82038 1058145.05485 1.3235 0.0 2456307.12185 1.0 9.0 0.0
0.480764567667 7453918.33618 1058278.31402 1.3235 0.0 2456307.12329 1.0 9.0 0.0
-0.49322169025 7434795.90988 1055428.02241 1.3235 0.0 2456307.15503 1.0 9.0 0.0
-0.492036001439 7443068.16123 1056616.81439 1.3235 0.0 2456307.15647 1.0 9.0 0.0
-0.490849862568 7446041.86643 1057135.23475 1.3235 0.0 2456307.15792 1.0 9.0 0.0
-0.489664027937 7449130.90807 1057597.59844 1.3235 0.0 2456307.15937 1.0 9.0 0.0
-0.488478038704 7449909.14334 1057781.53446 1.3235 0.0 2456307.16081 1.0 9.0 0.0
-0.487292358674 7452713.60663 1058127.20081 1.3235 0.0 2456307.16226 1.0 9.0 0.0
-0.486106225529 7452692.64143 1058185.98045 1.3235 0.0 2456307.16371 1.0 9.0 0.0
-0.484920394333 7456187.15108 1058649.83766 1.3235 0.0 2456307.16515 1.0 9.0 0.0
-0.483734418079 7455850.89489 1058526.13951 1.3235 0.0 2456307.1666 1.0 9.0 0.0
-0.482548747973 7458976.17445 1059047.61698 1.3235 0.0 2456307.16805 1.0 9.0 0.0
-0.4813626217 7457772.48778 1058857.55597 1.3235 0.0 2456307.16949 1.0 9.0 0.0
-0.480176801956 7457778.65825 1058762.89935 1.3235 0.0 2456307.17094 1.0 9.0 0.0
-0.478990841735 7457566.82218 1058716.44933 1.3235 0.0 2456307.17239 1.0 9.0 0.0
-0.476619065969 7459420.96363 1059011.56319 1.3235 0.0 2456307.17528 1.0 9.0 0.0
-0.474247309671 7458850.66645 1058926.8862 1.3235 0.0 2456307.17817 1.0 9.0 0.0
-0.470689764168 7455593.58941 1058514.6034 1.3235 0.0 2456307.18251 1.0 9.0 0.0
-0.468318179267 7451773.22791 1058007.39288 1.3235 0.0 2456307.18541 1.0 9.0 0.0
-0.46713208086 7450843.08351 1057902.84487 1.3235 0.0 2456307.18685 1.0 9.0 0.0
-0.465946285165 7447756.78009 1057463.35853 1.3235 0.0 2456307.1883 1.0 9.0 0.0
-0.464760346321 7450610.72577 1057802.10873 1.3235 0.0 2456307.18975 1.0 9.0 0.0
-0.438756315066 7434734.25626 1055416.6219 1.3235 0.0 2456307.22147 1.0 9.0 0.0
-0.437570175432 7443861.30068 1056827.5218 1.3235 0.0 2456307.22292 1.0 9.0 0.0
-0.436384340037 7448877.57273 1057638.03026 1.3235 0.0 2456307.22436 1.0 9.0 0.0
-0.43519834966 7447677.43231 1057399.72058 1.3235 0.0 2456307.22581 1.0 9.0 0.0
-0.43401266772 7448053.31565 1057457.66237 1.3235 0.0 2456307.22726 1.0 9.0 0.0
-0.432826533049 7453449.95732 1058284.99581 1.3235 0.0 2456307.2287 1.0 9.0 0.0
-0.431640699562 7451605.88333 1058043.94626 1.3235 0.0 2456307.23015 1.0 9.0 0.0
-0.430454720637 7451164.1555 1057865.94014 1.3235 0.0 2456307.2316 1.0 9.0 0.0
-0.429269047859 7455004.39735 1058505.39573 1.3235 0.0 2456307.23304 1.0 9.0 0.0
-0.428082918531 7455388.24421 1058490.18775 1.3235 0.0 2456307.23449 1.0 9.0 0.0
-0.426897095733 7456309.24516 1058651.23348 1.3235 0.0 2456307.23594 1.0 9.0 0.0
-0.425711132459 7454655.73871 1058415.885 1.3235 0.0 2456307.23738 1.0 9.0 0.0
-0.424525467315 7455217.66025 1058503.70769 1.3235 0.0 2456307.23883 1.0 9.0 0.0
-0.423339350585 7456374.45087 1058604.41156 1.3235 0.0 2456307.24028 1.0 9.0 0.0
-0.422153548019 7457309.14915 1058730.31685 1.3235 0.0 2456307.24172 1.0 9.0 0.0
-0.420967588562 7453058.80976 1058112.72684 1.3235 0.0 2456307.24317 1.0 9.0 0.0
-0.419781935252 7456169.99108 1058586.30837 1.3235 0.0 2456307.24461 1.0 9.0 0.0
-0.418595837226 7454838.66167 1058414.69997 1.3235 0.0 2456307.24606 1.0 9.0 0.0
-0.41741003695 7456010.81026 1058651.01949 1.3235 0.0 2456307.24751 1.0 9.0 0.0
-0.416224086654 7452550.81548 1058061.31304 1.3235 0.0 2456307.24895 1.0 9.0 0.0
0.318950816244 7421113.70053 1053541.38767 1.3235 0.0 2456256.9112 0.0 4.0 0.0
0.320136860827 7444177.27076 1056841.40169 1.3235 0.0 2456256.91264 0.0 4.0 0.0
0.321322755008 7451659.67521 1057867.02741 1.3235 0.0 2456256.91409 0.0 4.0 0.0
0.322508795011 7457717.69141 1058716.88013 1.3235 0.0 2456256.91554 0.0 4.0 0.0
0.323694680794 7461432.78045 1059234.89222 1.3235 0.0 2456256.91698 0.0 4.0 0.0
0.324880720415 7464487.52976 1059657.97145 1.3235 0.0 2456256.91843 0.0 4.0 0.0
0.326066601236 7463542.04946 1059440.83061 1.3235 0.0 2456256.91988 0.0 4.0 0.0
0.327252632077 7466152.62338 1059810.79856 1.3235 0.0 2456256.92132 0.0 4.0 0.0
0.328438512897 7467382.11241 1059996.96455 1.3235 0.0 2456256.92277 0.0 4.0 0.0
0.329624539158 7468863.696 1060213.45857 1.3235 0.0 2456256.92422 0.0 4.0 0.0
0.330810411581 7470752.67159 1060454.23917 1.3235 0.0 2456256.92566 0.0 4.0 0.0
0.331996438986 7470038.94532 1060320.76368 1.3235 0.0 2456256.92711 0.0 4.0 0.0
0.333182308355 7471851.08999 1060618.37526 1.3235 0.0 2456256.92856 0.0 4.0 0.0
0.334368328507 7471630.7652 1060611.27592 1.3235 0.0 2456256.93 0.0 4.0 0.0
0.335554200167 7470295.87153 1060383.07928 1.3235 0.0 2456256.93145 0.0 4.0 0.0
0.336740222991 7469459.83529 1060297.28782 1.3235 0.0 2456256.9329 0.0 4.0 0.0
0.337926085489 7469492.18358 1060302.98548 1.3235 0.0 2456256.93434 0.0 4.0 0.0
0.339112108314 7467773.17812 1060051.67555 1.3235 0.0 2456256.93579 0.0 4.0 0.0
0.34029797921 7467072.75608 1059968.68538 1.3235 0.0 2456256.93724 0.0 4.0 0.0
0.364766831063 7442067.56967 1056341.98835 1.3235 0.0 2456256.96709 0.0 4.0 0.0
0.365952731734 7452854.47203 1057907.46975 1.3235 0.0 2456256.96853 0.0 4.0 0.0
0.367138787769 7454378.27371 1058152.09462 1.3235 0.0 2456256.96998 0.0 4.0 0.0
0.368324692257 7457927.21989 1058657.3097 1.3235 0.0 2456256.97143 0.0 4.0 0.0
0.369510739131 7459172.89106 1058801.83851 1.3235 0.0 2456256.97287 0.0 4.0 0.0
0.370696640947 7458955.37263 1058738.03676 1.3235 0.0 2456256.97432 0.0 4.0 0.0
0.371882693165 7463183.45729 1059406.5521 1.3235 0.0 2456256.97577 0.0 4.0 0.0
0.37306858391 7462756.71591 1059330.76427 1.3235 0.0 2456256.97721 0.0 4.0 0.0
0.374254632311 7463486.78886 1059449.7479 1.3235 0.0 2456256.97866 0.0 4.0 0.0
0.375440527638 7464486.20568 1059569.27973 1.3235 0.0 2456256.98011 0.0 4.0 0.0
0.378998494571 7462163.15625 1059241.97937 1.3235 0.0 2456256.98445 0.0 4.0 0.0
0.380184372338 7461921.17175 1059214.90861 1.3235 0.0 2456256.98589 0.0 4.0 0.0
0.381370407378 7460772.66715 1059043.71352 1.3235 0.0 2456256.98734 0.0 4.0 0.0
0.382556288962 7459779.75738 1058902.63686 1.3235 0.0 2456256.98879 0.0 4.0 0.0
0.383742311787 7460521.60951 1058926.88268 1.3235 0.0 2456256.99023 0.0 4.0 0.0
0.384928189172 7455005.24046 1058128.4245 1.3235 0.0 2456256.99168 0.0 4.0 0.0
0.386114216578 7455146.07732 1058221.26852 1.3235 0.0 2456256.99313 0.0 4.0 0.0
0.387300082511 7455565.76701 1058317.19808 1.3235 0.0 2456256.99457 0.0 4.0 0.0
0.388486106863 7458676.91429 1058786.12911 1.3235 0.0 2456256.99602 0.0 4.0 0.0
0.389671978904 7455142.189 1058259.19055 1.3235 0.0 2456256.99747 0.0 4.0 0.0
0.390857997529 7457309.72462 1058585.78715 1.3235 0.0 2456256.99891 0.0 4.0 0.0
0.392043864226 7454568.2743 1058181.08379 1.3235 0.0 2456257.00036 0.0 4.0 0.0
0.393229886669 7458426.71966 1058726.97962 1.3235 0.0 2456257.00181 0.0 4.0 0.0
0.394415753366 7458691.29111 1058772.32406 1.3235 0.0 2456257.00325 0.0 4.0 0.0
0.395601772755 7460821.94591 1059126.15977 1.3235 0.0 2456257.0047 0.0 4.0 0.0
0.419264110474 7452019.20626 1057633.87358 1.3235 0.0 2456257.03357 0.0 4.0 0.0
0.420450006946 7459565.56947 1058791.21768 1.3235 0.0 2456257.03501 0.0 4.0 0.0
0.422821967088 7460948.919 1059065.33119 1.3235 0.0 2456257.03791 0.0 4.0 0.0
0.424008017779 7465441.35635 1059696.72582 1.3235 0.0 2456257.03935 0.0 4.0 0.0
0.426379967232 7461995.20411 1059193.78123 1.3235 0.0 2456257.04225 0.0 4.0 0.0
0.427565862177 7465636.21124 1059716.50876 1.3235 0.0 2456257.04369 0.0 4.0 0.0
0.42875190676 7462505.27474 1059253.94765 1.3235 0.0 2456257.04514 0.0 4.0 0.0
0.429937801323 7462244.36563 1059246.05687 1.3235 0.0 2456257.04659 0.0 4.0 0.0
0.431123841325 7462522.22331 1059233.33897 1.3235 0.0 2456257.04803 0.0 4.0 0.0
0.432309728254 7461604.20154 1059160.52241 1.3235 0.0 2456257.04948 0.0 4.0 0.0
0.433495767875 7461270.46273 1059158.77262 1.3235 0.0 2456257.05093 0.0 4.0 0.0
0.434681649841 7458918.45813 1058771.13319 1.3235 0.0 2456257.05237 0.0 4.0 0.0
0.435867680682 7460358.64564 1058989.08017 1.3235 0.0 2456257.05382 0.0 4.0 0.0
0.437053562266 7459211.7187 1058786.88708 1.3235 0.0 2456257.05527 0.0 4.0 0.0
0.438239588908 7460077.11733 1058919.96714 1.3235 0.0 2456257.05671 0.0 4.0 0.0
0.439425462476 7459288.24829 1058849.44159 1.3235 0.0 2456257.05816 0.0 4.0 0.0
0.4406114895 7457809.91426 1058638.22317 1.3235 0.0 2456257.05961 0.0 4.0 0.0
0.441797359632 7462391.68114 1059268.73787 1.3235 0.0 2456257.06105 0.0 4.0 0.0
0.442983379785 7458143.51966 1058680.35122 1.3235 0.0 2456257.0625 0.0 4.0 0.0
0.444169251826 7461825.44812 1059182.87259 1.3235 0.0 2456257.06395 0.0 4.0 0.0
0.44535527465 7459605.22559 1058858.25137 1.3235 0.0 2456257.06539 0.0 4.0 0.0
0.446541137148 7458548.95264 1058719.43125 1.3235 0.0 2456257.06684 0.0 4.0 0.0
0.447727159591 7461956.44135 1059210.3554 1.3235 0.0 2456257.06829 0.0 4.0 0.0
0.448913030487 7460906.42542 1059041.99397 1.3235 0.0 2456257.06973 0.0 4.0 0.0
0.473751817625 7437568.23061 1055528.74184 1.3235 0.0 2456257.10003 0.0 4.0 0.0
0.474937865644 7448214.8138 1057241.37255 1.3235 0.0 2456257.10148 0.0 4.0 0.0
0.477309825403 7449070.98091 1057366.48258 1.3235 0.0 2456257.10437 0.0 4.0 0.0
0.478495719967 7449963.93789 1057511.75404 1.3235 0.0 2456257.10582 0.0 4.0 0.0
0.47968177333 7452251.77731 1057896.39534 1.3235 0.0 2456257.10727 0.0 4.0 0.0
0.480867673619 7450086.93132 1057555.16243 1.3235 0.0 2456257.10871 0.0 4.0 0.0
0.482053719729 7450077.47238 1057528.29863 1.3235 0.0 2456257.11016 0.0 4.0 0.0
0.483239612383 7450772.49314 1057595.4673 1.3235 0.0 2456257.11161 0.0 4.0 0.0
0.484425658875 7450344.67857 1057527.92383 1.3235 0.0 2456257.11305 0.0 4.0 0.0
0.485611547331 7454804.3155 1058111.8955 1.3235 0.0 2456257.1145 0.0 4.0 0.0
0.486797585424 7454891.78457 1058208.76395 1.3235 0.0 2456257.11595 0.0 4.0 0.0
0.487983473498 7454282.18339 1058148.47854 1.3235 0.0 2456257.11739 0.0 4.0 0.0
0.489169507011 7456684.88142 1058431.11018 1.3235 0.0 2456257.11884 0.0 4.0 0.0
0.490355385924 7461014.06944 1059041.03507 1.3235 0.0 2456257.12029 0.0 4.0 0.0
0.491541419437 7460368.28222 1058987.61444 1.3235 0.0 2456257.12173 0.0 4.0 0.0
0.49272729415 7461092.80838 1059062.09785 1.3235 0.0 2456257.12318 0.0 4.0 0.0
0.493913319265 7463067.63558 1059353.74637 1.3235 0.0 2456257.12463 0.0 4.0 0.0
0.495099194741 7463051.70751 1059337.34096 1.3235 0.0 2456257.12607 0.0 4.0 0.0
0.496285216421 7462685.80762 1059287.39624 1.3235 0.0 2456257.12752 0.0 4.0 0.0
0.497471085027 7464803.35436 1059595.85999 1.3235 0.0 2456257.12897 0.0 4.0 0.0
0.499842975693 7462611.6788 1059340.72906 1.3235 0.0 2456257.13186 0.0 4.0 0.0
-0.496599113106 7459525.79381 1058821.31924 1.3235 0.0 2456257.1362 0.0 4.0 0.0
-0.471750918233 7442244.24297 1056312.95873 1.3235 0.0 2456257.16651 0.0 4.0 0.0
-0.468192911218 7456746.11637 1058462.15196 1.3235 0.0 2456257.17085 0.0 4.0 0.0
-0.467007012455 7458888.44925 1058770.4998 1.3235 0.0 2456257.1723 0.0 4.0 0.0
-0.465820963673 7463807.76622 1059465.51 1.3235 0.0 2456257.17375 0.0 4.0 0.0
-0.464635063766 7464105.33566 1059508.25859 1.3235 0.0 2456257.17519 0.0 4.0 0.0
-0.463449013457 7466648.73773 1059781.73922 1.3235 0.0 2456257.17664 0.0 4.0 0.0
-0.46226312462 7467448.15747 1059948.41706 1.3235 0.0 2456257.17809 0.0 4.0 0.0
-0.46107707851 7468959.39556 1060158.19828 1.3235 0.0 2456257.17953 0.0 4.0 0.0
-0.459891186237 7470299.65469 1060342.77594 1.3235 0.0 2456257.18098 0.0 4.0 0.0
-0.458705152342 7472784.44813 1060712.02776 1.3235 0.0 2456257.18243 0.0 4.0 0.0
-0.45751926465 7471639.98948 1060607.90406 1.3235 0.0 2456257.18387 0.0 4.0 0.0
-0.456333226938 7471307.78665 1060523.66373 1.3235 0.0 2456257.18532 0.0 4.0 0.0
-0.455147351843 7472337.14208 1060593.631 1.3235 0.0 2456257.18677 0.0 4.0 0.0
-0.453961319093 7471041.64838 1060426.13609 1.3235 0.0 2456257.18821 0.0 4.0 0.0
-0.452775439799 7470616.74365 1060380.50329 1.3235 0.0 2456257.18966 0.0 4.0 0.0
-0.451589419265 7470836.81144 1060374.96513 1.3235 0.0 2456257.19111 0.0 4.0 0.0
-0.450403543789 7471153.83903 1060514.40419 1.3235 0.0 2456257.19255 0.0 4.0 0.0
