0.345126933741 814699667.335 849203950.355 813726885.813 961269741.803 2456306.95783 1 9 0
0.34631307681 819042969.541 853966305.895 818257396.733 965748432.845 2456306.95928 1 9 0
0.347498911442 820735947.737 855626028.362 819951461.042 967342408.22 2456306.96073 1 9 0
0.348684744547 821789565.971 856521281.74 820984665.412 968786891.299 2456306.96217 1 9 0
0.34987057956 822302729.027 856720090.347 821458822.299 969276566.419 2456306.96362 1 9 0
0.35105671156 823032421.191 857836418.627 822229095.126 969760448.448 2456306.96507 1 9 0
0.352242537411 823667999.061 858748605.912 822867809.839 970081092.244 2456306.96651 1 9 0
0.353428365554 823855559.302 858785784.024 823091729.428 970304823.248 2456306.96796 1 9 0
0.354614185679 823803025.368 858221239.106 822985369.91 969917959.405 2456306.96941 1 9 0
0.355800306609 824139856.253 858942775.339 823281481.851 970843946.264 2456306.97085 1 9 0
0.356986124826 824241365.939 859020634.074 823424812.868 970618345.408 2456306.9723 1 9 0
0.358171936172 824492861.753 859609657.396 823690025.919 971146582.439 2456306.97375 1 9 0
0.359357744464 824443176.657 859419525.309 823633765.205 970388383.595 2456306.97519 1 9 0
0.360543856995 823887444.424 858109191.484 823047634.45 970359903.11 2456306.97664 1 9 0
0.36172965918 824489385.291 859873378.95 823746961.293 971146975.781 2456306.97809 1 9 0
0.362915459074 823847360.612 858429204.629 823010900.372 970374239.415 2456306.97953 1 9 0
0.364101260495 823802883.325 858468809.271 822974816.372 970332923.953 2456306.98098 1 9 0
0.365287363483 823689976.913 858280560.324 822837361.164 970319144.205 2456306.98243 1 9 0
0.366473152689 823449335.578 857715562.236 822623284.03 970022967.102 2456306.98387 1 9 0
0.367658949147 823944391.262 859338640.425 823206960.135 970205572.599 2456306.98532 1 9 0
0.368844745224 823573601.443 858222819.371 822752851.898 970212254.135 2456306.98677 1 9 0
0.370030835233 823424261.711 857869960.417 822601711.808 969696106.158 2456306.98821 1 9 0
0.371216630547 823800884.616 858773681.698 822937782.473 970048051.492 2456306.98966 1 9 0
0.37240242586 823510593.725 858039700.083 822682881.115 970029997.01 2456306.99111 1 9 0
0.397837392006 822990913.913 857309514.585 821978638.848 969429148.263 2456307.02213 1 9 0
0.399023527822 824113191.941 858749210.823 823246899.268 970501955.242 2456307.02358 1 9 0
0.400209367798 824529870.363 859439691.804 823648595.71 970966563.746 2456307.02503 1 9 0
0.401395206629 824826941.459 859822578.411 824075127.583 971151675.606 2456307.02647 1 9 0
0.402581036298 824887287.777 859680512.11 824030209.029 971819587.842 2456307.02792 1 9 0
0.403767175932 824728412.741 859231467.789 823912480.388 971509542.756 2456307.02937 1 9 0
0.40613883298 825099222.146 860027241.047 824252225.681 971840755.761 2456307.03226 1 9 0
0.407324661885 824939600.046 859552788.816 824098082.38 971116629.074 2456307.03371 1 9 0
0.409696605613 824943640.196 859745467.004 824078194.294 971517440.205 2456307.0366 1 9 0
0.410882425357 824740205.201 859138530.809 823850326.277 971269702.309 2456307.03805 1 9 0
0.412068242811 824319575.896 858264354.685 823358533.369 971138412.802 2456307.03949 1 9 0
0.413254355342 824910115.523 859958881.109 824131283.138 971178626.076 2456307.04094 1 9 0
0.414440162107 824575478.103 859222306.799 823742838.165 971002311.24 2456307.04239 1 9 0
0.415625969636 824778617.798 859753902.884 823957313.268 971273694.075 2456307.04383 1 9 0
0.416811770675 824300347.271 858598422.018 823404115.055 971011727.85 2456307.04528 1 9 0
0.417997872518 824495088.303 859078100.914 823608771.202 970756675.798 2456307.04673 1 9 0
0.419183673176 824596964.517 859498915.545 823807340.508 971161529.248 2456307.04817 1 9 0
0.420369467344 824449390.337 859164548.717 823657830.984 971171915.584 2456307.04962 1 9 0
0.452303218394 822537363.894 856683580.162 821492102.84 969853881.082 2456307.08858 1 9 0
0.453489058752 823733033.374 858520895.05 822853212.959 970397327.462 2456307.09002 1 9 0
0.454674899109 823793489.72 858842368.202 822933173.514 970622189.522 2456307.09147 1 9 0
0.455860729923 823626201.692 858378966.744 822812968.151 969724569.94 2456307.09291 1 9 0
0.457046870702 823360100.693 858112869.673 822562544.495 969424049.853 2456307.09436 1 9 0
0.458232706479 823117249.039 857708033.519 822291695.944 969249979.583 2456307.09581 1 9 0
0.459418532331 823054019.835 858029749.19 822242238.341 970030159.102 2456307.09726 1 9 0
0.460604363527 822683025.699 857329564.673 821824103.341 969110240.303 2456307.0987 1 9 0
0.461790495908 822491369.389 856817207.476 821593008.58 969759243.452 2456307.10015 1 9 0
0.462976313362 822433700.422 856627420.957 821542219.669 968976663.657 2456307.1016 1 9 0
0.464162136542 822470812.719 856817876.451 821543536.074 969487932.707 2456307.10304 1 9 0
0.465347956286 822804803.085 857566133.907 821956307.235 969196065.411 2456307.10449 1 9 0
0.466534072253 822846319.486 857721665.334 821981563.784 969694247.375 2456307.10594 1 9 0
0.46771988169 822898657.65 857650195.687 822062489.82 969696510.051 2456307.10738 1 9 0
0.468905692273 823091816.683 857971581.693 822266384.004 969061696.964 2456307.10883 1 9 0
0.470091496366 822955063.44 857460607.927 822096547.652 969626715.008 2456307.11027 1 9 0
0.471277600499 823141093.135 857779467.89 822311016.483 969705740.839 2456307.11172 1 9 0
0.472463403065 823462907.928 858778412.617 822689471.671 970113927.22 2456307.11317 1 9 0
0.473649199524 823262353.483 857712955.152 822389761.197 969837155.836 2456307.11461 1 9 0
0.474834994074 823265237.35 857627587.02 822341236.663 969780469.041 2456307.11606 1 9 0
0.476021094771 823611909.439 858535320.273 822807353.986 969713106.78 2456307.11751 1 9 0
0.477206886649 823336252.203 857834807.733 822484981.517 969723502.083 2456307.11895 1 9 0
0.478392829692 823706667.023 858790763.147 822965532.957 970092877.684 2456307.1204 1 9 0
0.479578473077 823477911.158 858087294.604 822679295.953 969841201.482 2456307.12185 1 9 0
0.480764567667 823761206.598 858884072.248 822923446.762 970380814.505 2456307.12329 1 9 0
-0.49322169025 820902322.896 854566927.437 819835396.192 967902968.71 2456307.15503 1 9 0
-0.492036001439 822356714.187 856826550.326 821460236.441 968705246.847 2456307.15647 1 9 0
-0.490849862568 822974355.252 857925668.081 822146684.578 969734215.05 2456307.15792 1 9 0
-0.489664027937 822804225.559 857388310.408 821919687.081 969937915.714 2456307.15937 1 9 0
-0.488478038704 823026251.971 857713564.798 822227675.8 969701777.959 2456307.16081 1 9 0
-0.487292358674 823114767.103 857550771.175 822278168.434 969510977.849 2456307.16226 1 9 0
-0.486106225529 823204457.629 857543591.237 822306924.45 969734757.944 2456307.16371 1 9 0
-0.484920394333 823744200.048 858829982.385 822897738.047 970030884.859 2456307.16515 1 9 0
-0.483734418079 823432762.842 857717233.479 822541151.24 969937572.52 2456307.1666 1 9 0
-0.482548747973 823795395.81 858421958.931 822934444.169 970334350.29 2456307.16805 1 9 0
-0.4813626217 824123294.506 859181549.013 823303838.128 970800833.972 2456307.16949 1 9 0
-0.480176801956 823885983.168 858382740.2 823020537.424 970366366.354 2456307.17094 1 9 0
-0.478990841735 823952990.709 858380686.737 823040314.424 970467117.761 2456307.17239 1 9 0
-0.476619065969 823870442.372 858149910.155 822878339.413 970823851.516 2456307.17528 1 9 0
-0.474247309671 823970408.956 858520245.734 823084787.13 970434297.135 2456307.17817 1 9 0
-0.470689764168 823598083.664 858169857.608 822720809.411 969995031.904 2456307.18251 1 9 0
-0.468318179267 823619310.29 858935893.455 822853380.736 970198472.175 2456307.18541 1 9 0
-0.46713208086 823343951.02 858389704.663 822584315.882 969749056.398 2456307.18685 1 9 0
-0.465946285165 822810436.13 857155807.728 821891853.918 969917929.573 2456307.1883 1 9 0
-0.464760346321 823004498.575 857754674.448 822277801.558 969297422.915 2456307.18975 1 9 0
-0.438756315066 821130750.071 854970430.624 820041125.794 967704605.369 2456307.22147 1 9 0
-0.437570175432 822166536.753 856383880.035 821228049.125 969260521.323 2456307.22292 1 9 0
-0.436384340037 822780273.319 857604062.085 821965541.299 969245464.746 2456307.22436 1 9 0
-0.43519834966 823054022.644 857997273.995 822292191.532 970039728.811 2456307.22581 1 9 0
-0.43401266772 823047959.9 857907113.206 822252285.937 969264211.668 2456307.22726 1 9 0
-0.432826533049 823009251.226 857264417.504 822091938.587 969106628.602 2456307.2287 1 9 0
-0.431640699562 823532415.116 858692284.644 822812444.796 970160137.739 2456307.23015 1 9 0
-0.430454720637 823223370.069 857437401.472 822309582.289 969870715.633 2456307.2316 1 9 0
-0.429269047859 823429620.516 858075211.253 822538664.108 970665793.734 2456307.23304 1 9 0
-0.428082918531 823681589.32 858489842.141 822896215.014 969484640.851 2456307.23449 1 9 0
-0.426897095733 823831004.192 858754094.428 823015424.145 970453557.424 2456307.23594 1 9 0
-0.425711132459 823827870.494 858678885.51 823028758.067 969777120.184 2456307.23738 1 9 0
-0.424525467315 823780177.349 858435788.573 822928403.559 969729625.64 2456307.23883 1 9 0
-0.423339350585 823653173.249 858054029.878 822768171.678 970172608.764 2456307.24028 1 9 0
-0.422153548019 823541310.798 857820513.825 822630096.686 969862529.096 2456307.24172 1 9 0
-0.420967588562 823781757.807 858723287.142 822914104.016 970250838.434 2456307.24317 1 9 0
-0.419781935252 823723879.09 858547503.228 822870504.837 969995117.844 2456307.24461 1 9 0
-0.418595837226 823341443.18 857619035.504 822436631.109 969471062.876 2456307.24606 1 9 0
-0.41741003695 823749788.284 858794629.6 822965064.974 969981824.745 2456307.24751 1 9 0
-0.416224086654 823480064.609 858115855.9 822609858.92 969954244.098 2456307.24895 1 9 0
0.318950816244 820034514.824 854557564.655 819379232.337 966594545.998 2456256.9112 0 4 0
0.320136860827 822575484.8 857106415.767 821819151.104 969323982.708 2456256.91264 0 4 0
0.321322755008 823747094.64 858466704.874 823067174.779 970433620.058 2456256.91409 0 4 0
0.322508795011 824546087.898 859342038.196 823807620.978 971288965.074 2456256.91554 0 4 0
0.323694680794 825101759.388 860043049.941 824367488.145 971924829.171 2456256.91698 0 4 0
0.324880720415 825504406.198 860578816.102 824800139.179 972039267.753 2456256.91843 0 4 0
0.326066601236 825264676.206 859556041.266 824479759.454 971669864.589 2456256.91988 0 4 0
0.327252632077 825394294.66 859550881.807 824602281.287 972287407.822 2456256.92132 0 4 0
0.328438512897 825718865.122 860227394.132 824911423.156 972815428.814 2456256.92277 0 4 0
0.329624539158 825685698.281 859834268.006 824882187.392 972121675.767 2456256.92422 0 4 0
0.330810411581 825806696.68 860103419.882 824970481.052 972302479.921 2456256.92566 0 4 0
0.331996438986 826126511.223 860903701.198 825401789.45 972921602.752 2456256.92711 0 4 0
0.333182308355 826059501.531 860588807.487 825248216.708 972408205.476 2456256.92856 0 4 0
0.334368328507 825965903.038 860573488.809 825234894.021 972728821.816 2456256.93 0 4 0
0.335554200167 826166885.708 860936753.997 825407269.37 972578156.314 2456256.93145 0 4 0
0.336740222991 825690873.815 859695929.386 824799903.446 972720561.496 2456256.9329 0 4 0
0.337926085489 826065589.32 860955538.737 825284526.799 973097762.655 2456256.93434 0 4 0
0.339112108314 825691668.822 859984354.844 824851288.045 972544007.042 2456256.93579 0 4 0
0.34029797921 825728931.813 860284627.489 824857214.994 972636375.472 2456256.93724 0 4 0
0.364766831063 822530746.584 856334930.29 821436499.122 970346230.344 2456256.96709 0 4 0
0.365952731734 824042745.468 858690248.075 823244315.37 970686829.814 2456256.96853 0 4 0
0.367138787769 823997195.996 857982784.277 823099178.628 971431106.492 2456256.96998 0 4 0
0.368324692257 824384524.961 858546972.488 823531670.436 970996620.625 2456256.97143 0 4 0
0.369510739131 824820249.104 859367143.262 823962941.659 971834640.107 2456256.97287 0 4 0
0.370696640947 824301501.783 857759868.253 823301257.07 971535833.853 2456256.97432 0 4 0
0.371882693165 825062997.399 859595698.58 824302260.037 971838747.102 2456256.97577 0 4 0
0.37306858391 825020360.49 859356526.552 824169506.125 971623093.119 2456256.97721 0 4 0
0.374254632311 824946539.658 859093549.622 824045526.222 971766854.013 2456256.97866 0 4 0
0.375440527638 825085671.285 859411527.498 824275292.958 971936554.192 2456256.98011 0 4 0
0.378998494571 824769912.483 858819159.48 823890879.925 971715396.619 2456256.98445 0 4 0
0.380184372338 824894100.587 859260171.202 824016413.727 972095579.165 2456256.98589 0 4 0
0.381370407378 825103970.003 860029122.889 824297473.345 971727547.626 2456256.98734 0 4 0
0.382556288962 824793267.261 859347331.04 823979848.344 971091949.243 2456256.98879 0 4 0
0.383742311787 824763302.761 859441018.748 823982518.78 971347655.625 2456256.99023 0 4 0
0.384928189172 824242475.096 858302536.364 823353923.506 971064695.714 2456256.99168 0 4 0
0.386114216578 824517835.308 859317741.683 823730922.753 971344313.539 2456256.99313 0 4 0
0.387300082511 824362121.698 858922170.741 823515636.011 971195460.605 2456256.99457 0 4 0
0.388486106863 824473954.643 859309176.635 823631705.671 970951250.532 2456256.99602 0 4 0
0.389671978904 824103947.906 858324753.477 823226276.347 971124085.36 2456256.99747 0 4 0
0.390857997529 824284077.154 858800336.464 823468596.151 971154520.605 2456256.99891 0 4 0
0.392043864226 824595066.712 859560679.061 823797495.465 971851239.715 2456257.00036 0 4 0
0.393229886669 824208021.814 858338238.284 823330915.871 970995323.046 2456257.00181 0 4 0
0.394415753366 824248765.02 858341403.858 823300034.026 971451203.537 2456257.00325 0 4 0
0.395601772755 824886189.045 859851420.057 824036584.111 972088436.441 2456257.0047 0 4 0
0.419264110474 823362551.256 857146841.643 822281943.383 970749451.511 2456257.03357 0 4 0
0.420450006946 824476647.244 858824172.787 823551142.529 971429359.091 2456257.03501 0 4 0
0.422821967088 824802942.534 859073725.226 823903851.162 971955173.401 2456257.03791 0 4 0
0.424008017779 825067789.331 859813588.267 824262213.081 972006209.951 2456257.03935 0 4 0
0.426379967232 824995940.636 859437448.127 824136834.353 971677983.183 2456257.04225 0 4 0
0.427565862177 825094214.022 859745623.813 824240005.238 971744341.081 2456257.04369 0 4 0
0.42875190676 824888235.924 859278312.972 824043847.48 971522323.481 2456257.04514 0 4 0
0.429937801323 824856091.134 859345824.402 824010902.0 972034155.746 2456257.04659 0 4 0
0.431123841325 825246254.325 860408967.079 824483448.939 971964203.088 2456257.04803 0 4 0
0.432309728254 824334180.368 858174808.175 823391537.087 971173193.21 2456257.04948 0 4 0
0.433495767875 824766386.331 859440574.19 823939894.171 971526040.977 2456257.05093 0 4 0
0.434681649841 824759280.966 859594595.771 823965112.262 971429654.647 2456257.05237 0 4 0
0.435867680682 824758311.47 859642486.778 823900289.104 971603586.743 2456257.05382 0 4 0
0.437053562266 824585059.107 859088181.921 823696863.913 971013967.924 2456257.05527 0 4 0
0.438239588908 824617982.831 859362756.383 823813621.573 971263311.426 2456257.05671 0 4 0
0.439425462476 824454344.317 859110681.158 823635264.853 971098573.136 2456257.05816 0 4 0
0.4406114895 824598894.341 859578426.351 823830743.983 971246498.496 2456257.05961 0 4 0
0.441797359632 824389300.196 858827150.213 823520449.412 970705754.07 2456257.06105 0 4 0
0.442983379785 824411609.751 859013444.882 823562826.938 971276617.502 2456257.0625 0 4 0
0.444169251826 824740976.887 859793130.204 823961976.441 971426395.884 2456257.06395 0 4 0
0.44535527465 824034007.951 857887436.45 823083753.407 970788105.041 2456257.06539 0 4 0
0.446541137148 824212693.017 858328913.628 823270267.725 970973982.374 2456257.06684 0 4 0
0.447727159591 824344669.051 858492617.908 823432978.858 971430463.961 2456257.06829 0 4 0
0.448913030487 824352334.584 858237762.489 823424631.253 971385825.916 2456257.06973 0 4 0
0.473751817625 821963339.668 855811712.622 820802133.905 969318180.069 2456257.10003 0 4 0
0.474937865644 822737416.421 856754057.037 821724933.874 969531562.13 2456257.10148 0 4 0
0.477309825403 823113343.842 857579752.975 822219304.95 970074180.322 2456257.10437 0 4 0
0.478495719967 823262510.46 857862954.871 822384542.491 969560711.374 2456257.10582 0 4 0
0.47968177333 823085922.313 857431603.606 822229069.241 969918857.858 2456257.10727 0 4 0
0.480867673619 823108290.627 857543033.115 822251677.026 970057829.526 2456257.10871 0 4 0
0.482053719729 823235237.792 857512534.869 822370894.456 969382950.57 2456257.11016 0 4 0
0.483239612383 823176645.872 857489236.094 822248427.376 969999610.704 2456257.11161 0 4 0
0.484425658875 823216809.539 857422620.587 822274193.644 969835912.163 2456257.11305 0 4 0
0.485611547331 823554185.269 858040208.17 822678787.858 970796533.997 2456257.1145 0 4 0
0.486797585424 823884240.588 858738807.348 823006959.554 970722799.677 2456257.11595 0 4 0
0.487983473498 823665123.78 857966257.397 822763028.591 971001319.294 2456257.11739 0 4 0
0.489169507011 823666500.33 857790991.557 822747088.218 970343004.158 2456257.11884 0 4 0
0.490355385924 824095343.222 858504999.436 823275358.529 970458310.605 2456257.12029 0 4 0
0.491541419437 824204894.091 858603816.408 823355335.521 970875125.791 2456257.12173 0 4 0
0.49272729415 824356309.452 858711990.716 823423940.642 971304877.568 2456257.12318 0 4 0
0.493913319265 824468631.182 858999158.749 823598600.924 971723537.942 2456257.12463 0 4 0
0.495099194741 824379718.94 858484338.648 823411018.664 970842618.455 2456257.12607 0 4 0
0.496285216421 824383202.902 858575272.935 823456911.468 971489232.968 2456257.12752 0 4 0
0.497471085027 824650036.579 859068792.172 823792327.815 971686838.499 2456257.12897 0 4 0
0.499842975693 824750721.183 859557671.734 823857088.177 971735819.095 2456257.13186 0 4 0
-0.496599113106 824473293.383 859033604.737 823618631.177 970983758.073 2456257.1362 0 4 0
-0.471750918233 822078676.637 856204115.393 820987889.292 968908443.854 2456257.16651 0 4 0
-0.468192911218 824101182.625 858768319.887 823243295.083 970867575.87 2456257.17085 0 4 0
-0.467007012455 823907318.659 857891720.103 822930757.242 970732795.072 2456257.1723 0 4 0
-0.465820963673 824634526.933 859439415.785 823744746.766 971626554.669 2456257.17375 0 4 0
-0.464635063766 824610094.101 858981278.517 823713815.57 971888747.781 2456257.17519 0 4 0
-0.463449013457 824889385.026 859445248.322 824036390.495 971923361.825 2456257.17664 0 4 0
-0.46226312462 825236954.643 860024229.436 824379975.11 971793552.61 2456257.17809 0 4 0
-0.46107707851 825308632.453 860145007.608 824441523.024 971985014.42 2456257.17953 0 4 0
-0.459891186237 825215804.902 859729682.295 824323532.929 972168097.721 2456257.18098 0 4 0
-0.458705152342 825625110.268 860630549.212 824831955.465 972078752.709 2456257.18243 0 4 0
-0.45751926465 825524999.0 860177093.953 824625871.309 971778599.767 2456257.18387 0 4 0
-0.456333226938 825513754.42 859911608.059 824640878.929 972292954.865 2456257.18532 0 4 0
-0.455147351843 825388178.75 859704597.327 824502002.077 972477783.925 2456257.18677 0 4 0
-0.453961319093 825438831.71 859641709.679 824537625.369 972332479.98 2456257.18821 0 4 0
-0.452775439799 825379228.89 859614637.655 824419309.309 972281853.308 2456257.18966 0 4 0
-0.451589419265 825135174.358 859072790.23 824196512.915 972367174.576 2456257.19111 0 4 0
-0.450403543789 825349697.863 860027427.143 824481425.265 972596411.544 2456257.19255 0 4 0
