0.345126933741 809482872.121 835205782.447 809221489.889 847186483.532 2456306.95783 1 9 0
0.34631307681 813590045.958 839468464.855 813311347.839 851367031.292 2456306.95928 1 9 0
0.347498911442 815274736.722 841151348.265 815003358.899 852994651.397 2456306.96073 1 9 0
0.348684744547 816296566.017 842103112.536 816023469.879 854064739.064 2456306.96217 1 9 0
0.34987057956 817019950.504 842881084.973 816758911.263 854833035.073 2456306.96362 1 9 0
0.35105671156 817584123.209 843452789.105 817314518.527 855336757.62 2456306.96507 1 9 0
0.352242537411 818073111.448 843931741.402 817803087.857 855743102.007 2456306.96651 1 9 0
0.353428365554 818333999.527 844226443.743 818074489.196 856038772.78 2456306.96796 1 9 0
0.354614185679 818480437.222 844266928.112 818212866.806 856098268.835 2456306.96941 1 9 0
0.355800306609 818678301.222 844545180.006 818384302.607 856427346.884 2456306.97085 1 9 0
0.356986124826 818753246.838 844586698.683 818471463.655 856408438.498 2456306.9723 1 9 0
0.358171936172 818924257.271 844875078.299 818642044.852 856685441.03 2456306.97375 1 9 0
0.359357744464 818913760.055 844775350.494 818614134.207 856532697.053 2456306.97519 1 9 0
0.360543856995 818636869.505 844382865.905 818381258.593 856338640.154 2456306.97664 1 9 0
0.36172965918 818742533.832 844613839.147 818453828.413 856444783.558 2456306.97809 1 9 0
0.362915459074 818482790.434 844324771.01 818218685.439 856241485.916 2456306.97953 1 9 0
0.364101260495 818362258.195 844176796.149 818079175.498 856057383.618 2456306.98098 1 9 0
0.365287363483 818238365.386 844003455.065 817931060.488 855897608.717 2456306.98243 1 9 0
0.366473152689 818141305.239 843836473.215 817871403.34 855836354.089 2456306.98387 1 9 0
0.367658949147 818304557.317 844198591.336 818038292.198 856010590.949 2456306.98532 1 9 0
0.368844745224 818150686.838 843961074.007 817868672.76 855864777.762 2456306.98677 1 9 0
0.370030835233 818080726.965 843831299.562 817819284.208 855733895.295 2456306.98821 1 9 0
0.371216630547 818259201.276 844105927.698 817960428.445 855980054.382 2456306.98966 1 9 0
0.37240242586 818156894.493 843919394.255 817925537.206 855888419.221 2456306.99111 1 9 0
0.397837392006 817764187.801 843403214.558 817474515.988 855425805.455 2456307.02213 1 9 0
0.399023527822 818702089.973 844494640.978 818415476.61 856401308.365 2456307.02358 1 9 0
0.400209367798 819007308.74 844829258.601 818744759.744 856713158.425 2456307.02503 1 9 0
0.401395206629 819269125.358 845097380.998 819024890.175 856972282.944 2456307.02647 1 9 0
0.402581036298 819364137.55 845159750.317 819087413.303 857123425.366 2456307.02792 1 9 0
0.403767175932 819454885.912 845319365.578 819187641.128 857247389.717 2456307.02937 1 9 0
0.40613883298 819547897.332 845417101.008 819266224.566 857306853.537 2456307.03226 1 9 0
0.407324661885 819628277.283 845483872.661 819325561.992 857328603.929 2456307.03371 1 9 0
0.409696605613 819433004.801 845238283.008 819169142.588 857139223.129 2456307.0366 1 9 0
0.410882425357 819419540.95 845198917.056 819122629.907 857121246.333 2456307.03805 1 9 0
0.412068242811 819203908.455 844932852.663 818929370.543 856982174.05 2456307.03949 1 9 0
0.413254355342 819354359.709 845142903.152 819081101.614 857034217.307 2456307.04094 1 9 0
0.414440162107 819221713.241 845050985.675 818932290.002 856929461.154 2456307.04239 1 9 0
0.415625969636 819250648.226 845113753.148 818967201.13 857000030.733 2456307.04383 1 9 0
0.416811770675 819087453.553 844890461.545 818790819.221 856878388.312 2456307.04528 1 9 0
0.417997872518 819061785.849 844783587.752 818764289.438 856700642.81 2456307.04673 1 9 0
0.419183673176 818996620.099 844736819.835 818747395.798 856712965.626 2456307.04817 1 9 0
0.420369467344 818959735.296 844708110.382 818722571.092 856702312.293 2456307.04962 1 9 0
0.452303218394 817482145.205 843146526.625 817208883.268 855363829.495 2456307.08858 1 9 0
0.453489058752 818256369.891 844012569.931 817997510.548 855990959.228 2456307.09002 1 9 0
0.454674899109 818178437.978 843976943.102 817907953.704 855971122.073 2456307.09147 1 9 0
0.455860729923 818162182.752 843943548.63 817872336.713 855782016.365 2456307.09291 1 9 0
0.457046870702 817907260.696 843677002.181 817632714.785 855593458.349 2456307.09436 1 9 0
0.458232706479 817740817.488 843508140.397 817468562.352 855414953.539 2456307.09581 1 9 0
0.459418532331 817525844.936 843386283.253 817245333.752 855366852.829 2456307.09726 1 9 0
0.460604363527 817241470.222 842992236.425 816957749.935 854966121.004 2456307.0987 1 9 0
0.461790495908 817120134.695 842835632.941 816856521.927 854954646.676 2456307.10015 1 9 0
0.462976313362 817167724.382 842882300.54 816883936.232 854905006.869 2456307.1016 1 9 0
0.464162136542 817094658.036 842810334.649 816798887.122 854849306.558 2456307.10304 1 9 0
0.465347956286 817353161.648 843151682.857 817066239.947 855093247.085 2456307.10449 1 9 0
0.466534072253 817271672.042 843017226.322 816993495.648 855018851.467 2456307.10594 1 9 0
0.46771988169 817406515.796 843167108.99 817135034.497 855153255.957 2456307.10738 1 9 0
0.468905692273 817602797.695 843414304.364 817312316.23 855254317.659 2456307.10883 1 9 0
0.470091496366 817592285.42 843349848.915 817307513.355 855369040.086 2456307.11027 1 9 0
0.471277600499 817731752.109 843487862.47 817447254.468 855430228.086 2456307.11172 1 9 0
0.472463403065 817824125.793 843678722.547 817563263.373 855601625.685 2456307.11317 1 9 0
0.473649199524 817874686.967 843552695.024 817593481.599 855593946.012 2456307.11461 1 9 0
0.474834994074 817958334.813 843649479.974 817663145.837 855669902.563 2456307.11606 1 9 0
0.476021094771 818029445.556 843753738.399 817751104.815 855662172.813 2456307.11751 1 9 0
0.477206886649 818018607.924 843776473.572 817743924.609 855722153.605 2456307.11895 1 9 0
0.478392829692 818188211.245 844055687.484 817910723.908 855949417.647 2456307.1204 1 9 0
0.479578473077 818037412.921 843744033.081 817764838.3 855717928.762 2456307.12185 1 9 0
0.480764567667 818078431.014 843835801.27 817782490.028 855840040.162 2456307.12329 1 9 0
-0.49322169025 815985547.272 841519584.639 815731615.227 853757440.367 2456307.15503 1 9 0
-0.492036001439 816918512.373 842535148.559 816639510.037 854517891.271 2456307.15647 1 9 0
-0.490849862568 817319920.77 843021310.889 817008922.317 855030873.534 2456307.15792 1 9 0
-0.489664027937 817361201.58 843082394.903 817071640.387 855143505.163 2456307.15937 1 9 0
-0.488478038704 817617272.499 843416780.253 817320186.764 855403214.605 2456307.16081 1 9 0
-0.487292358674 817770381.753 843493937.858 817518508.77 855479944.063 2456307.16226 1 9 0
-0.486106225529 817936133.995 843697299.641 817635481.756 855733147.114 2456307.16371 1 9 0
-0.484920394333 818152821.236 843938402.969 817871847.593 855841747.817 2456307.16515 1 9 0
-0.483734418079 818167455.607 843851861.379 817886420.165 855859975.186 2456307.1666 1 9 0
-0.482548747973 818398757.551 844172426.312 818108644.819 856152200.379 2456307.16805 1 9 0
-0.4813626217 818519667.045 844340995.455 818247046.097 856302882.982 2456307.16949 1 9 0
-0.480176801956 818431944.846 844129612.8 818146838.367 856107212.252 2456307.17094 1 9 0
-0.478990841735 818502088.596 844143131.543 818214306.499 856147562.582 2456307.17239 1 9 0
-0.476619065969 818506405.938 844172773.01 818205679.127 856215967.432 2456307.17528 1 9 0
-0.474247309671 818509194.051 844191506.286 818219234.234 856175084.167 2456307.17817 1 9 0
-0.470689764168 818171430.787 843884474.492 817875103.326 855859967.214 2456307.18251 1 9 0
-0.468318179267 817933670.582 843748903.554 817653058.347 855676602.665 2456307.18541 1 9 0
-0.46713208086 817765060.517 843572730.076 817475949.826 855543238.973 2456307.18685 1 9 0
-0.465946285165 817520723.405 843249032.042 817237020.783 855336884.705 2456307.1883 1 9 0
-0.464760346321 817533883.012 843244097.221 817266562.637 855197202.589 2456307.18975 1 9 0
-0.438756315066 816141676.407 841693954.108 815838975.305 853812525.395 2456307.22147 1 9 0
-0.437570175432 816920796.167 842620209.318 816660852.912 854745612.076 2456307.22292 1 9 0
-0.436384340037 817342921.584 843158521.164 817073846.566 855110411.733 2456307.22436 1 9 0
-0.43519834966 817468829.638 843230356.842 817208444.368 855279800.009 2456307.22581 1 9 0
-0.43401266772 817536993.628 843323128.124 817255051.889 855258052.679 2456307.22726 1 9 0
-0.432826533049 817774661.382 843498186.062 817500707.879 855483614.588 2456307.2287 1 9 0
-0.431640699562 817954645.603 843796922.57 817673977.125 855752539.441 2456307.23015 1 9 0
-0.430454720637 817894619.046 843532633.584 817631004.526 855584030.628 2456307.2316 1 9 0
-0.429269047859 818018578.139 843835026.048 817715846.569 855899512.353 2456307.23304 1 9 0
-0.428082918531 818218980.899 843994476.374 817928241.561 855850589.391 2456307.23449 1 9 0
-0.426897095733 818291606.871 844111616.53 817992192.0 856039133.449 2456307.23594 1 9 0
-0.425711132459 818332766.387 844094878.334 818061234.326 855977753.12 2456307.23738 1 9 0
-0.424525467315 818356195.941 844081996.52 818065620.191 856019524.829 2456307.23883 1 9 0
-0.423339350585 818307016.322 843951393.754 818001194.014 855939041.827 2456307.24028 1 9 0
-0.422153548019 818205017.669 843839360.326 817940221.958 855861707.697 2456307.24172 1 9 0
-0.420967588562 818139408.947 843850793.483 817838229.992 855803150.457 2456307.24317 1 9 0
-0.419781935252 818223079.399 844001788.419 817918358.092 855864371.107 2456307.24461 1 9 0
-0.418595837226 818068122.741 843759955.573 817769500.411 855655669.347 2456307.24606 1 9 0
-0.41741003695 818221731.414 844027130.383 817943810.987 855921929.694 2456307.24751 1 9 0
-0.416224086654 818019769.374 843756043.789 817719260.999 855674513.641 2456307.24895 1 9 0
0.318950816244 814490807.166 840042760.262 814240377.398 852179671.799 2456256.9112 0 4 0
0.320136860827 817037313.264 842683148.263 816773954.56 854808971.7 2456256.91264 0 4 0
0.321322755008 818139917.718 843746304.246 817896202.912 855881526.096 2456256.91409 0 4 0
0.322508795011 818909857.247 844519137.899 818637919.405 856655876.856 2456256.91554 0 4 0
0.323694680794 819374500.208 845038335.854 819102235.786 857141104.661 2456256.91698 0 4 0
0.324880720415 819758237.69 845410756.458 819489270.263 857494096.932 2456256.91843 0 4 0
0.326066601236 819838923.432 845340506.811 819569042.124 857494741.7 2456256.91988 0 4 0
0.327252632077 819985577.957 845476090.831 819718091.792 857702578.269 2456256.92132 0 4 0
0.328438512897 820156497.098 845706576.42 819878862.18 857939475.826 2456256.92277 0 4 0
0.329624539158 820263051.992 845723026.072 820026563.432 857967020.306 2456256.92422 0 4 0
0.330810411581 820359417.712 845863757.566 820091615.36 858037913.368 2456256.92566 0 4 0
0.331996438986 820408068.197 845930366.557 820138139.686 858081877.017 2456256.92711 0 4 0
0.333182308355 820520636.24 846017563.176 820239549.73 858183517.346 2456256.92856 0 4 0
0.334368328507 820441841.79 846007497.932 820183667.121 858189280.359 2456256.93 0 4 0
0.335554200167 820520852.615 846044695.79 820237222.722 858189894.38 2456256.93145 0 4 0
0.336740222991 820355488.982 845839626.685 820061660.494 858108285.935 2456256.9329 0 4 0
0.337926085489 820384739.511 845968915.53 820118966.917 858176120.75 2456256.93434 0 4 0
0.339112108314 820240677.087 845715051.784 819966986.999 857957856.873 2456256.93579 0 4 0
0.34029797921 820200706.187 845771323.372 819905947.486 857968554.876 2456256.93724 0 4 0
0.364766831063 817419083.304 842857441.351 817140842.018 855317080.016 2456256.96709 0 4 0
0.365952731734 818451823.244 843945063.233 818195496.581 856181551.602 2456256.96853 0 4 0
0.367138787769 818647924.466 844120305.434 818362255.582 856434724.952 2456256.96998 0 4 0
0.368324692257 819010538.816 844495127.842 818728202.395 856696448.792 2456256.97143 0 4 0
0.369510739131 819238982.378 844756908.36 818941118.931 857005558.583 2456256.97287 0 4 0
0.370696640947 819165624.27 844552552.999 818876927.698 856893286.514 2456256.97432 0 4 0
0.371882693165 819539290.03 845078895.97 819265981.604 857266296.739 2456256.97577 0 4 0
0.37306858391 819577458.684 845076146.98 819276109.582 857257278.919 2456256.97721 0 4 0
0.374254632311 819626355.782 845105710.789 819330887.531 857350463.499 2456256.97866 0 4 0
0.375440527638 819658162.705 845167588.014 819384740.18 857411459.061 2456256.98011 0 4 0
0.378998494571 819431473.678 844906140.41 819144459.148 857160894.854 2456256.98445 0 4 0
0.380184372338 819420130.265 844904475.12 819117296.243 857172465.556 2456256.98589 0 4 0
0.381370407378 819417590.128 844940930.23 819132401.356 857091096.121 2456256.98734 0 4 0
0.382556288962 819246416.737 844732541.462 818953135.2 856880594.909 2456256.98879 0 4 0
0.383742311787 819104598.861 844577900.389 818835518.105 856712185.522 2456256.99023 0 4 0
0.384928189172 818809278.574 844188382.779 818532915.373 856431494.996 2456256.99168 0 4 0
0.386114216578 818827872.344 844325623.589 818565070.984 856538013.001 2456256.99313 0 4 0
0.387300082511 818807002.18 844304484.913 818501002.685 856480890.163 2456256.99457 0 4 0
0.388486106863 818865544.385 844401063.062 818578408.664 856579806.704 2456256.99602 0 4 0
0.389671978904 818729915.021 844201273.199 818449055.771 856492623.18 2456256.99747 0 4 0
0.390857997529 818783777.843 844290768.836 818522931.22 856556964.363 2456256.99891 0 4 0
0.392043864226 818835592.997 844394333.521 818555152.298 856603183.133 2456257.00036 0 4 0
0.393229886669 818856914.308 844351217.507 818570833.647 856564426.473 2456257.00181 0 4 0
0.394415753366 818915982.669 844420938.993 818622356.523 856709390.533 2456257.00325 0 4 0
0.395601772755 819167303.611 844761594.732 818899163.827 856999543.06 2456257.0047 0 4 0
0.419264110474 818247272.306 843563008.925 817958813.562 856032042.261 2456257.03357 0 4 0
0.420450006946 819011801.282 844436268.352 818713028.189 856724230.89 2456257.03501 0 4 0
0.422821967088 819358016.691 844864864.5 819057620.938 857095149.968 2456257.03791 0 4 0
0.424008017779 819465587.882 845021170.942 819185353.486 857231799.225 2456257.03935 0 4 0
0.426379967232 819485355.864 844979162.475 819207209.666 857156718.123 2456257.04225 0 4 0
0.427565862177 819537329.696 845060387.773 819243513.773 857232131.923 2456257.04369 0 4 0
0.42875190676 819367608.727 844841722.146 819101627.066 857031034.992 2456257.04514 0 4 0
0.429937801323 819298229.736 844819877.054 819025686.508 857107863.624 2456257.04659 0 4 0
0.431123841325 819413832.704 844963704.575 819131084.552 857072101.057 2456257.04803 0 4 0
0.432309728254 819119852.82 844552704.369 818860370.966 856823369.283 2456257.04948 0 4 0
0.433495767875 819258745.932 844847706.592 818956516.745 856998255.316 2456257.05093 0 4 0
0.434681649841 819097773.495 844626899.804 818811975.978 856785746.255 2456257.05237 0 4 0
0.435867680682 819111101.368 844673080.556 818787456.095 856811842.439 2456257.05382 0 4 0
0.437053562266 819014833.51 844461591.22 818714200.103 856605445.769 2456257.05527 0 4 0
0.438239588908 819003313.23 844556464.126 818713177.988 856655328.195 2456257.05671 0 4 0
0.439425462476 818897858.417 844462402.073 818627790.05 856599285.333 2456257.05816 0 4 0
0.4406114895 818887289.292 844489185.362 818631075.564 856612030.638 2456257.05961 0 4 0
0.441797359632 818912093.134 844364814.327 818604427.964 856510123.795 2456257.06105 0 4 0
0.442983379785 818896247.298 844441064.751 818615042.342 856608250.141 2456257.0625 0 4 0
0.444169251826 818967629.333 844544272.423 818689579.934 856674805.097 2456257.06395 0 4 0
0.44535527465 818818840.886 844295394.366 818525843.026 856475291.72 2456257.06539 0 4 0
0.446541137148 818890408.94 844382846.638 818590076.549 856560914.034 2456257.06684 0 4 0
0.447727159591 819024503.54 844570497.733 818733255.032 856783717.817 2456257.06829 0 4 0
0.448913030487 819089124.445 844572481.799 818798277.901 856797401.12 2456257.06973 0 4 0
0.473751817625 816734403.699 842061177.732 816432502.044 854420079.548 2456257.10003 0 4 0
0.474937865644 817483052.103 842958144.715 817189581.749 855180972.814 2456257.10148 0 4 0
0.477309825403 817622466.786 843156905.569 817315146.664 855314240.199 2456257.10437 0 4 0
0.478495719967 817742539.364 843300292.987 817441960.285 855369553.601 2456257.10582 0 4 0
0.47968177333 817734017.982 843304351.813 817432705.533 855496800.616 2456257.10727 0 4 0
0.480867673619 817652109.412 843208606.308 817365851.492 855405829.055 2456257.10871 0 4 0
0.482053719729 817820497.007 843270772.946 817525761.483 855408212.765 2456257.11016 0 4 0
0.483239612383 817742898.24 843256880.262 817461074.609 855425191.972 2456257.11161 0 4 0
0.484425658875 817814164.241 843313169.581 817528220.097 855442804.165 2456257.11305 0 4 0
0.485611547331 817982421.318 843460112.181 817698974.725 855668109.406 2456257.1145 0 4 0
0.486797585424 818265788.601 843859685.269 817968673.823 855968812.281 2456257.11595 0 4 0
0.487983473498 818278806.925 843869201.638 817993005.45 856084494.401 2456257.11739 0 4 0
0.489169507011 818395374.403 843967187.977 818098178.559 856044473.564 2456257.11884 0 4 0
0.490355385924 818683889.765 844258960.749 818404285.845 856306440.167 2456257.12029 0 4 0
0.491541419437 818803375.838 844419663.598 818498239.399 856495742.833 2456257.12173 0 4 0
0.49272729415 818931981.523 844508385.244 818634040.865 856637132.931 2456257.12318 0 4 0
0.493913319265 818989839.277 844626881.038 818704909.38 856765273.431 2456257.12463 0 4 0
0.495099194741 819047743.593 844579354.213 818777573.006 856690584.84 2456257.12607 0 4 0
0.496285216421 819066725.803 844642549.356 818761613.966 856800231.035 2456257.12752 0 4 0
0.497471085027 819221213.933 844832643.993 818917621.482 856917438.146 2456257.12897 0 4 0
0.499842975693 819177981.742 844849317.014 818855021.979 856935332.473 2456257.13186 0 4 0
-0.496599113106 818952402.764 844524310.022 818656030.031 856553503.585 2456257.1362 0 4 0
-0.471750918233 816928638.66 842405183.982 816627866.193 854642232.919 2456257.16651 0 4 0
-0.468192911218 818571547.058 844143208.944 818271378.434 856245588.338 2456257.17085 0 4 0
-0.467007012455 818690224.072 844227646.508 818390363.013 856392639.057 2456257.1723 0 4 0
-0.465820963673 819032322.693 844689563.115 818716247.024 856771919.742 2456257.17375 0 4 0
-0.464635063766 819152131.413 844699139.146 818862998.626 856884553.494 2456257.17519 0 4 0
-0.463449013457 819291800.0 844804750.811 818990150.451 856952196.021 2456257.17664 0 4 0
-0.46226312462 819611517.728 845182789.386 819291508.599 857257975.944 2456257.17809 0 4 0
-0.46107707851 819669797.143 845240012.643 819358961.994 857314746.403 2456257.17953 0 4 0
-0.459891186237 819712871.064 845253924.408 819404266.863 857407927.259 2456257.18098 0 4 0
-0.458705152342 819942553.544 845534164.674 819655706.438 857592583.426 2456257.18243 0 4 0
-0.45751926465 820025045.998 845617427.342 819721932.98 857680166.229 2456257.18387 0 4 0
-0.456333226938 820040870.375 845549858.952 819734320.8 857704596.071 2456257.18532 0 4 0
-0.455147351843 819939927.076 845447731.083 819651447.259 857635864.162 2456257.18677 0 4 0
-0.453961319093 820018423.372 845501416.307 819728491.511 857695810.928 2456257.18821 0 4 0
-0.452775439799 819992171.355 845511023.827 819662725.846 857632454.581 2456257.18966 0 4 0
-0.451589419265 819832977.025 845320402.782 819506570.868 857562758.518 2456257.19111 0 4 0
-0.450403543789 819826100.102 845424131.637 819529120.632 857596351.947 2456257.19255 0 4 0
