1.137 0.000900 0.000000 0.300 0.000 1.86
1.163 0.001024 0.000145 0.300 0.000 1.61
1.188 0.000900 0.000000 0.300 0.000 1.92
1.212 0.000900 0.000000 0.300 0.000 2.40
1.238 0.000900 0.000000 0.300 0.000 2.09
1.262 0.000900 0.000000 0.300 0.000 2.14
1.288 0.000900 0.000000 0.300 0.000 1.20
1.312 0.000900 0.000117 0.300 0.000 2.15
1.337 0.000996 0.000150 0.300 0.000 1.42
1.363 0.000900 0.000132 0.300 0.000 1.49
1.387 0.000900 0.000000 0.300 0.000 1.49
1.413 0.000900 0.000000 0.300 0.000 1.39
1.438 0.000974 0.000104 0.300 0.000 1.78
1.462 0.001156 0.000117 0.300 0.000 1.37
1.488 0.000995 0.000144 0.300 0.000 1.18
1.512 0.001134 0.000176 0.300 0.000 1.80
1.538 0.001244 0.000158 0.300 0.000 1.67
1.562 0.001369 0.000161 0.300 0.000 2.02
1.587 0.001382 0.000186 0.300 0.000 1.94
1.613 0.000949 0.000128 0.300 0.000 3.12
1.637 0.000900 0.000000 0.300 0.000 3.14
