0.345126933741 804067257.017 824874594.486 803791811.677 829123350.515 2456306.95783 1 9 0
0.34631307681 808003698.775 828865273.993 807710874.121 833100350.088 2456306.95928 1 9 0
0.347498911442 809517847.27 830348789.942 809239255.816 834586698.692 2456306.96073 1 9 0
0.348684744547 810476593.922 831237216.932 810191307.09 835568146.269 2456306.96217 1 9 0
0.34987057956 811351919.978 832199822.356 811081056.793 836478389.961 2456306.96362 1 9 0
0.35105671156 811900503.825 832724336.373 811622206.335 836986154.803 2456306.96507 1 9 0
0.352242537411 812381507.29 833187415.0 812106667.912 837409924.793 2456306.96651 1 9 0
0.353428365554 812555354.942 833370436.404 812286575.38 837609487.737 2456306.96796 1 9 0
0.354614185679 812855945.862 833632644.949 812577429.502 837854279.488 2456306.96941 1 9 0
0.355800306609 813004874.892 833842038.144 812700882.826 838075725.534 2456306.97085 1 9 0
0.356986124826 813045421.97 833837127.502 812752333.671 838062243.389 2456306.9723 1 9 0
0.358171936172 813305698.064 834196979.828 813021778.132 838396245.079 2456306.97375 1 9 0
0.359357744464 813261867.811 834082493.128 812953324.794 838244932.716 2456306.97519 1 9 0
0.360543856995 812944646.722 833708611.014 812679774.908 837998930.873 2456306.97664 1 9 0
0.36172965918 812885609.412 833665417.247 812589988.453 837931961.962 2456306.97809 1 9 0
0.362915459074 812939234.114 833798748.389 812664943.986 838030235.562 2456306.97953 1 9 0
0.364101260495 812688839.989 833476204.269 812395154.527 837733208.601 2456306.98098 1 9 0
0.365287363483 812454451.645 833182654.215 812138553.604 837461756.091 2456306.98243 1 9 0
0.366473152689 812425382.648 833125344.23 812151917.433 837473566.805 2456306.98387 1 9 0
0.367658949147 812650784.379 833472804.659 812379822.414 837708942.017 2456306.98532 1 9 0
0.368844745224 812463826.081 833243198.856 812169613.851 837516586.684 2456306.98677 1 9 0
0.370030835233 812385330.578 833093108.815 812113514.606 837407387.183 2456306.98821 1 9 0
0.371216630547 812691873.488 833517732.104 812389188.001 837745890.183 2456306.98966 1 9 0
0.37240242586 812600197.936 833362859.26 812348043.707 837665824.319 2456306.99111 1 9 0
0.397837392006 812274532.327 832992057.789 811978313.821 837295070.901 2456307.02213 1 9 0
0.399023527822 813077846.1 833845001.639 812780660.868 838120242.063 2456307.02358 1 9 0
0.400209367798 813373777.727 834175663.351 813098830.012 838429948.066 2456307.02503 1 9 0
0.401395206629 813540802.597 834312480.35 813283180.257 838602583.872 2456307.02647 1 9 0
0.402581036298 813676054.18 834433503.574 813391628.97 838757771.962 2456307.02792 1 9 0
0.403767175932 813836564.117 834685910.472 813553057.674 838946296.87 2456307.02937 1 9 0
0.40613883298 813815898.235 834623716.845 813522740.974 838894258.828 2456307.03226 1 9 0
0.407324661885 814055220.68 834883585.532 813743925.271 839095872.563 2456307.03371 1 9 0
0.409696605613 813745280.76 834515319.894 813473318.205 838801283.868 2456307.0366 1 9 0
0.410882425357 813803726.477 834566073.57 813500135.447 838846776.561 2456307.03805 1 9 0
0.412068242811 813605796.154 834355195.811 813319104.654 838706058.0 2456307.03949 1 9 0
0.413254355342 813711249.331 834471353.993 813435198.202 838743411.242 2456307.04094 1 9 0
0.414440162107 813683552.283 834502515.242 813399648.171 838742414.008 2456307.04239 1 9 0
0.415625969636 813617718.661 834430133.216 813331122.822 838697248.363 2456307.04383 1 9 0
0.416811770675 813629727.839 834467268.655 813326685.282 838730888.293 2456307.04528 1 9 0
0.417997872518 813438974.869 834151714.563 813140394.164 838438509.405 2456307.04673 1 9 0
0.419183673176 813151825.655 833829127.248 812864296.639 838188807.641 2456307.04817 1 9 0
0.420369467344 813214184.616 833910621.554 812957540.02 838298338.15 2456307.04962 1 9 0
0.452303218394 812061928.165 832799683.746 811773057.076 837228294.037 2456307.08858 1 9 0
0.453489058752 812584395.997 833312803.972 812318642.306 837656737.777 2456307.09002 1 9 0
0.454674899109 812420934.438 833165154.528 812138068.173 837534145.237 2456307.09147 1 9 0
0.455860729923 812538512.867 833283181.559 812245246.668 837535016.17 2456307.09291 1 9 0
0.457046870702 812387198.745 833167919.098 812109617.48 837429419.038 2456307.09436 1 9 0
0.458232706479 812106665.057 832844020.713 811819616.34 837133224.115 2456307.09581 1 9 0
0.459418532331 811850863.406 832653696.871 811561270.062 836988037.553 2456307.09726 1 9 0
0.460604363527 811572565.248 832293902.56 811281243.806 836633452.181 2456307.0987 1 9 0
0.461790495908 811226348.911 831877158.084 810949253.303 836368676.787 2456307.10015 1 9 0
0.462976313362 811454041.565 832143806.95 811160580.088 836523803.468 2456307.1016 1 9 0
0.464162136542 811317164.013 832001967.863 811013752.541 836392703.735 2456307.10304 1 9 0
0.465347956286 811678584.179 832433244.309 811389921.73 836744685.666 2456307.10449 1 9 0
0.466534072253 811485951.082 832178257.549 811209779.448 836562096.723 2456307.10594 1 9 0
0.46771988169 811624062.53 832333090.024 811332793.766 836696156.832 2456307.10738 1 9 0
0.468905692273 812057266.079 832840114.991 811749197.973 837059864.294 2456307.10883 1 9 0
0.470091496366 811931139.651 832656751.816 811636521.539 837027278.126 2456307.11027 1 9 0
0.471277600499 812131964.881 832881196.084 811834247.18 837172838.03 2456307.11172 1 9 0
0.472463403065 812107734.722 832870509.14 811838820.78 837208961.789 2456307.11317 1 9 0
0.473649199524 812197415.348 832868050.798 811899010.604 837247887.24 2456307.11461 1 9 0
0.474834994074 812377570.82 833069448.045 812072211.539 837424138.217 2456307.11606 1 9 0
0.476021094771 812449772.659 833155789.555 812157579.79 837448615.025 2456307.11751 1 9 0
0.477206886649 812542759.144 833316073.559 812260157.074 837591132.258 2456307.11895 1 9 0
0.478392829692 812643009.019 833471020.782 812351834.053 837728902.969 2456307.1204 1 9 0
0.479578473077 812413708.435 833114299.006 812126552.625 837447086.264 2456307.12185 1 9 0
0.480764567667 812264667.847 832952672.338 811971468.757 837345113.154 2456307.12329 1 9 0
-0.49322169025 810603951.717 831263743.959 810341055.618 835706917.914 2456307.15503 1 9 0
-0.492036001439 811163687.442 831756970.297 810870949.257 836140545.896 2456307.15647 1 9 0
-0.490849862568 811312705.502 831909593.78 810997903.097 836364271.421 2456307.15792 1 9 0
-0.489664027937 811548213.787 832213131.999 811245474.193 836643096.917 2456307.15937 1 9 0
-0.488478038704 812004643.569 832797898.823 811707117.046 837108491.596 2456307.16081 1 9 0
-0.487292358674 812087234.892 832793616.624 811824374.128 837147614.264 2456307.16226 1 9 0
-0.486106225529 812502680.217 833294230.157 812200930.854 837608355.767 2456307.16371 1 9 0
-0.484920394333 812547637.065 833292410.792 812255576.972 837577813.516 2456307.16515 1 9 0
-0.483734418079 812554192.663 833227343.934 812262261.569 837593313.219 2456307.1666 1 9 0
-0.482548747973 812906016.391 833705883.239 812607134.754 837982981.998 2456307.16805 1 9 0
-0.4813626217 812806538.416 833569636.055 812519000.363 837908710.455 2456307.16949 1 9 0
-0.480176801956 812562084.379 833193148.216 812267665.221 837590454.034 2456307.17094 1 9 0
-0.478990841735 812665455.023 833247913.091 812369266.147 837673163.05 2456307.17239 1 9 0
-0.476619065969 812694799.168 833324812.238 812376784.072 837735629.423 2456307.17528 1 9 0
-0.474247309671 812729064.789 833374184.097 812429308.896 837749480.375 2456307.17817 1 9 0
-0.470689764168 812482974.12 833176128.951 812172908.831 837519278.903 2456307.18251 1 9 0
-0.468318179267 812267515.756 833023283.867 811975797.723 837338217.925 2456307.18541 1 9 0
-0.46713208086 812110150.97 832878885.61 811800538.673 837196324.336 2456307.18685 1 9 0
-0.465946285165 811823757.989 832538122.897 811528086.633 836943539.651 2456307.1883 1 9 0
-0.464760346321 811868412.839 832539614.274 811591822.008 836893977.88 2456307.18975 1 9 0
-0.438756315066 810779117.051 831451973.551 810465762.883 835801779.758 2456307.22147 1 9 0
-0.437570175432 811309678.151 832022467.46 811044013.464 836442218.371 2456307.22292 1 9 0
-0.436384340037 811905516.712 832726360.717 811628829.349 836998723.041 2456307.22436 1 9 0
-0.43519834966 811630742.749 832307020.531 811362455.316 836763270.548 2456307.22581 1 9 0
-0.43401266772 811795577.847 832520191.449 811506350.152 836855724.945 2456307.22726 1 9 0
-0.432826533049 812396285.26 833161006.983 812118050.754 837452548.644 2456307.2287 1 9 0
-0.431640699562 812379953.095 833183069.362 812092247.937 837489243.894 2456307.23015 1 9 0
-0.430454720637 812161367.576 832789985.239 811886745.716 837204876.748 2456307.2316 1 9 0
-0.429269047859 812295439.743 833048780.732 811987377.76 837451773.521 2456307.23304 1 9 0
-0.428082918531 812573085.507 833293409.401 812266863.015 837566166.175 2456307.23449 1 9 0
-0.426897095733 812670458.601 833450649.442 812360669.42 837740231.15 2456307.23594 1 9 0
-0.425711132459 812785538.402 833528191.672 812502103.809 837801239.954 2456307.23738 1 9 0
-0.424525467315 812819138.886 833536841.487 812523609.808 837832698.39 2456307.23883 1 9 0
-0.423339350585 812664555.118 833314280.539 812349957.231 837658007.385 2456307.24028 1 9 0
-0.422153548019 812548239.328 833173500.385 812272544.344 837564878.305 2456307.24172 1 9 0
-0.420967588562 812226534.994 832849599.493 811906193.945 837228674.534 2456307.24317 1 9 0
-0.419781935252 812600650.136 833348757.486 812285034.184 837596438.736 2456307.24461 1 9 0
-0.418595837226 812423937.194 833097027.999 812119060.046 837393262.868 2456307.24606 1 9 0
-0.41741003695 812699873.604 833477281.449 812410741.605 837745231.001 2456307.24751 1 9 0
-0.416224086654 812359363.848 833058394.758 812048302.772 837373575.08 2456307.24895 1 9 0
0.318950816244 809112273.218 829717119.002 808850378.477 834164843.963 2456256.9112 0 4 0
0.320136860827 811743642.799 832448106.226 811471251.413 836843184.881 2456256.91264 0 4 0
0.321322755008 812781259.504 833424289.001 812527095.489 837868676.909 2456256.91409 0 4 0
0.322508795011 813593057.335 834258807.704 813306413.471 838666225.5 2456256.91554 0 4 0
0.323694680794 814057346.755 834744885.614 813781029.694 839156769.332 2456256.91698 0 4 0
0.324880720415 814424736.483 835108661.853 814140798.96 839495324.285 2456256.91843 0 4 0
0.326066601236 814565610.572 835172492.844 814290688.308 839586936.526 2456256.91988 0 4 0
0.327252632077 814685661.241 835272853.328 814408378.711 839749170.169 2456256.92132 0 4 0
0.328438512897 814882458.347 835525089.528 814591121.556 839985306.924 2456256.92277 0 4 0
0.329624539158 814954502.317 835525051.639 814682761.188 839983025.01 2456256.92422 0 4 0
0.330810411581 815089851.589 835697576.55 814821615.219 840125400.214 2456256.92566 0 4 0
0.331996438986 815023061.418 835594648.861 814739260.819 840056407.744 2456256.92711 0 4 0
0.333182308355 815247307.342 835841281.271 814966279.617 840278977.98 2456256.92856 0 4 0
0.334368328507 815204607.156 835844322.567 814926025.946 840276157.542 2456256.93 0 4 0
0.335554200167 815223139.962 835827394.953 814933694.206 840247292.092 2456256.93145 0 4 0
0.336740222991 815099422.124 835718649.238 814805305.104 840178916.477 2456256.9329 0 4 0
0.337926085489 815081664.33 835713760.98 814810798.572 840191472.579 2456256.93434 0 4 0
0.339112108314 814972835.176 835580784.217 814694672.526 840033208.822 2456256.93579 0 4 0
0.34029797921 814930558.425 835592712.66 814629181.386 840020703.221 2456256.93724 0 4 0
0.364766831063 812378502.243 833030525.842 812092120.358 837559727.151 2456256.96709 0 4 0
0.365952731734 813172064.548 833756004.275 812907922.524 838248975.096 2456256.96853 0 4 0
0.367138787769 813328923.436 833907135.15 813040024.084 838434141.091 2456256.96998 0 4 0
0.368324692257 813814685.418 834432243.098 813519797.04 838854926.342 2456256.97143 0 4 0
0.369510739131 813902480.974 834507467.092 813603525.382 838991015.625 2456256.97287 0 4 0
0.370696640947 813915219.794 834458741.864 813611639.085 838976783.765 2456256.97432 0 4 0
0.371882693165 814279134.866 834906232.782 813994809.762 839346678.881 2456256.97577 0 4 0
0.37306858391 814364227.077 834986370.198 814060929.602 839393421.959 2456256.97721 0 4 0
0.374254632311 814396930.474 834991861.373 814097865.641 839462202.801 2456256.97866 0 4 0
0.375440527638 814429554.036 835047252.757 814146909.087 839515643.496 2456256.98011 0 4 0
0.378998494571 814195877.155 834798363.414 813898224.579 839253608.29 2456256.98445 0 4 0
0.380184372338 814190063.423 834812103.743 813882188.027 839269657.994 2456256.98589 0 4 0
0.381370407378 814149542.554 834759107.624 813857865.47 839182047.089 2456256.98734 0 4 0
0.382556288962 813950490.998 834528480.035 813642327.937 838947703.971 2456256.98879 0 4 0
0.383742311787 813774501.45 834334913.899 813498949.712 838763321.09 2456256.99023 0 4 0
0.384928189172 813467725.148 833961858.875 813188304.675 838469646.396 2456256.99168 0 4 0
0.386114216578 813483321.09 834046233.948 813193549.273 838529665.286 2456256.99313 0 4 0
0.387300082511 813553344.242 834158104.107 813238232.654 838576454.791 2456256.99457 0 4 0
0.388486106863 813672152.16 834303250.59 813380625.248 838728997.674 2456256.99602 0 4 0
0.389671978904 813485064.62 834071575.797 813196826.375 838575455.276 2456256.99747 0 4 0
0.390857997529 813466880.777 834058769.33 813194676.959 838569235.752 2456256.99891 0 4 0
0.392043864226 813475437.752 834087351.231 813188464.519 838566794.049 2456257.00036 0 4 0
0.393229886669 813641768.139 834259341.819 813349671.985 838694028.214 2456257.00181 0 4 0
0.394415753366 813751633.426 834408539.672 813454810.873 838857305.496 2456257.00325 0 4 0
0.395601772755 813940899.638 834624692.201 813653546.162 839076020.712 2456257.0047 0 4 0
0.419264110474 813183577.442 833726775.095 812881524.502 838284081.118 2456257.03357 0 4 0
0.420450006946 813808695.15 834380058.686 813507867.922 838859983.178 2456257.03501 0 4 0
0.422821967088 814132867.314 834748784.597 813830513.575 839203160.442 2456257.03791 0 4 0
0.424008017779 814218435.997 834884796.94 813932345.736 839304463.207 2456257.03935 0 4 0
0.426379967232 814243812.066 834848767.956 813949459.004 839271565.207 2456257.04225 0 4 0
0.427565862177 814331759.881 834977847.963 814031216.834 839366460.29 2456257.04369 0 4 0
0.42875190676 814185079.218 834790216.707 813904326.452 839202602.565 2456257.04514 0 4 0
0.429937801323 814004468.535 834631608.518 813721708.445 839132799.342 2456257.04659 0 4 0
0.431123841325 814011997.276 834608371.432 813719643.365 839032479.687 2456257.04803 0 4 0
0.432309728254 813943094.392 834531034.155 813675314.916 838999929.418 2456257.04948 0 4 0
0.433495767875 814027093.58 834701760.392 813716357.438 839096935.969 2456257.05093 0 4 0
0.434681649841 813803488.593 834435902.356 813516434.587 838842906.904 2456257.05237 0 4 0
0.435867680682 813868892.581 834519257.619 813539032.99 838908856.344 2456257.05382 0 4 0
0.437053562266 813790595.811 834373675.337 813475676.036 838749251.332 2456257.05527 0 4 0
0.438239588908 813729583.932 834369150.224 813428440.322 838737748.79 2456257.05671 0 4 0
0.439425462476 813629465.157 834284819.624 813336410.97 838671197.582 2456257.05816 0 4 0
0.4406114895 813628900.866 834302284.3 813364535.32 838697757.589 2456257.05961 0 4 0
0.441797359632 813765133.135 834376240.801 813453951.621 838738969.31 2456257.06105 0 4 0
0.442983379785 813623163.48 834259214.903 813335434.988 838675308.912 2456257.0625 0 4 0
0.444169251826 813616373.589 834256414.594 813333994.097 838670029.204 2456257.06395 0 4 0
0.44535527465 813640796.506 834267311.103 813333806.353 838643506.686 2456257.06539 0 4 0
0.446541137148 813669789.976 834301578.82 813362457.564 838696002.161 2456257.06684 0 4 0
0.447727159591 813809854.127 834485138.734 813518993.047 838895171.475 2456257.06829 0 4 0
0.448913030487 813853521.952 834483634.134 813555630.575 838906621.754 2456257.06973 0 4 0
0.473751817625 811652190.122 832197182.734 811339366.01 836685247.048 2456257.10003 0 4 0
0.474937865644 812356789.115 833019877.654 812053309.658 837399701.899 2456257.10148 0 4 0
0.477309825403 812404019.217 833063868.467 812097850.511 837436162.408 2456257.10437 0 4 0
0.478495719967 812567882.698 833256991.917 812255341.282 837556557.145 2456257.10582 0 4 0
0.47968177333 812598707.962 833320023.39 812286800.904 837680828.246 2456257.10727 0 4 0
0.480867673619 812422926.202 833105903.967 812134751.352 837505822.843 2456257.10871 0 4 0
0.482053719729 812602542.407 833190213.954 812301497.617 837572558.853 2456257.11016 0 4 0
0.483239612383 812530144.024 833176730.726 812226581.648 837555945.45 2456257.11161 0 4 0
0.484425658875 812581947.762 833224975.177 812288624.391 837573971.092 2456257.11305 0 4 0
0.485611547331 812644935.817 833236503.469 812348926.933 837680608.913 2456257.1145 0 4 0
0.486797585424 813021763.628 833744377.017 812720885.743 838064297.917 2456257.11595 0 4 0
0.487983473498 812948943.888 833636334.359 812644725.592 838063286.034 2456257.11739 0 4 0
0.489169507011 813256411.911 833970195.242 812939922.403 838260619.86 2456257.11884 0 4 0
0.490355385924 813495435.759 834214847.345 813201279.148 838486011.029 2456257.12029 0 4 0
0.491541419437 813701671.421 834473785.343 813388075.593 838735332.6 2456257.12173 0 4 0
0.49272729415 813679785.931 834382115.852 813372546.789 838719896.536 2456257.12318 0 4 0
0.493913319265 813719525.739 834474857.391 813430169.27 838815137.737 2456257.12463 0 4 0
0.495099194741 813847951.359 834535071.125 813570947.601 838864789.522 2456257.12607 0 4 0
0.496285216421 813820974.029 834528247.581 813514396.329 838886878.496 2456257.12752 0 4 0
0.497471085027 813990459.907 834726835.813 813674543.901 839031881.056 2456257.12897 0 4 0
0.499842975693 813999683.04 834795349.49 813672149.389 839071599.158 2456257.13186 0 4 0
-0.496599113106 813640340.922 834310813.151 813329263.046 838612344.289 2456257.1362 0 4 0
-0.471750918233 811970023.463 832678690.98 811664323.7 837024550.243 2456257.16651 0 4 0
-0.468192911218 813396867.572 834110399.833 813084708.391 838417756.179 2456257.17085 0 4 0
-0.467007012455 813465831.712 834148937.485 813169870.689 838516010.395 2456257.1723 0 4 0
-0.465820963673 813719315.225 834457299.41 813394908.085 838791455.451 2456257.17375 0 4 0
-0.464635063766 813905899.386 834582129.291 813614001.252 838975548.223 2456257.17519 0 4 0
-0.463449013457 814007135.973 834643419.372 813699327.944 839021841.948 2456257.17664 0 4 0
-0.46226312462 814371399.202 835045134.977 814037199.073 839368649.745 2456257.17809 0 4 0
-0.46107707851 814422509.027 835109406.826 814106355.326 839420175.547 2456257.17953 0 4 0
-0.459891186237 814479249.69 835138212.602 814165119.447 839516028.302 2456257.18098 0 4 0
-0.458705152342 814614442.495 835273909.343 814318169.42 839627341.432 2456257.18243 0 4 0
-0.45751926465 814881659.741 835598935.495 814573359.151 839898329.05 2456257.18387 0 4 0
-0.456333226938 814747166.362 835362328.242 814429848.262 839763961.369 2456257.18532 0 4 0
-0.455147351843 814607730.643 835205510.788 814303939.405 839648185.129 2456257.18677 0 4 0
-0.453961319093 814720220.071 835315510.553 814414364.036 839744023.782 2456257.18821 0 4 0
-0.452775439799 814724300.049 835363480.817 814382786.973 839717887.431 2456257.18966 0 4 0
-0.451589419265 814507430.173 835128161.756 814178051.727 839571794.156 2456257.19111 0 4 0
-0.450403543789 814555971.978 835249159.138 814246171.651 839648131.841 2456257.19255 0 4 0
