0.345126933741 814765762.854 849425542.239 813757830.615 971067981.222 2456306.95783 1 9 0
0.34631307681 819128388.465 854244852.271 818303249.216 975649600.76 2456306.95928 1 9 0
0.347498911442 820804613.372 855855108.001 819978789.252 977031926.878 2456306.96073 1 9 0
0.348684744547 821849264.423 856730167.474 821003282.761 978285271.061 2456306.96217 1 9 0
0.34987057956 822356458.997 856914459.199 821447345.738 979010656.057 2456306.96362 1 9 0
0.35105671156 823088388.188 858025683.755 822224492.973 979475750.257 2456306.96507 1 9 0
0.352242537411 823712772.852 858896662.768 822848047.561 979675323.131 2456306.96651 1 9 0
0.353428365554 823910070.081 858972148.014 823109693.392 980009412.256 2456306.96796 1 9 0
0.354614185679 823873295.483 858473942.933 823005129.195 979693477.079 2456306.96941 1 9 0
0.355800306609 824187523.369 859104206.383 823256976.163 980646645.935 2456306.97085 1 9 0
0.356986124826 824283490.08 859169249.796 823395930.93 980332544.816 2456306.9723 1 9 0
0.358171936172 824547626.083 859797900.299 823689113.002 980933568.611 2456306.97375 1 9 0
0.359357744464 824496002.852 859602787.888 823625925.428 980361491.948 2456306.97519 1 9 0
0.360543856995 823944872.234 858303861.664 823050386.101 980142566.827 2456306.97664 1 9 0
0.36172965918 824552966.111 860092508.439 823767698.655 980638391.985 2456306.97809 1 9 0
0.362915459074 823888553.369 858571066.453 822967705.086 980351969.433 2456306.97953 1 9 0
0.364101260495 823864200.614 858676435.936 822977365.41 980055058.523 2456306.98098 1 9 0
0.365287363483 823737499.88 858446230.187 822832832.19 979847796.77 2456306.98243 1 9 0
0.366473152689 823506347.524 857909591.153 822615122.695 979706902.33 2456306.98387 1 9 0
0.367658949147 824007977.621 859548332.726 823229812.313 980073998.952 2456306.98532 1 9 0
0.368844745224 823617941.1 858373369.476 822732285.947 979912790.565 2456306.98677 1 9 0
0.370030835233 823487665.568 858085152.995 822616437.887 979464940.679 2456306.98821 1 9 0
0.371216630547 823852026.114 858948239.235 822922196.133 980124717.816 2456306.98966 1 9 0
0.37240242586 823561790.758 858219858.539 822651060.314 979794175.697 2456306.99111 1 9 0
0.397837392006 823030028.382 857444730.792 821939370.797 979294979.945 2456307.02213 1 9 0
0.399023527822 824192831.871 859009220.521 823277507.703 980414020.766 2456307.02358 1 9 0
0.400209367798 824578648.57 859613337.004 823631045.343 980791107.065 2456307.02503 1 9 0
0.401395206629 824902948.204 860080920.377 824115097.291 980937007.938 2456307.02647 1 9 0
0.402581036298 824927618.154 859820597.003 824003936.367 981354588.935 2456307.02792 1 9 0
0.403767175932 824816115.912 859533798.878 823951122.185 981409664.506 2456307.02937 1 9 0
0.40613883298 825136870.516 860156034.9 824225660.995 981561906.889 2456307.03226 1 9 0
0.407324661885 825002703.021 859782330.169 824106316.999 981276719.281 2456307.03371 1 9 0
0.409696605613 824977802.327 859859978.696 824011102.886 981201619.045 2456307.0366 1 9 0
0.410882425357 824785480.404 859313195.556 823841163.138 981073261.075 2456307.03805 1 9 0
0.412068242811 824346361.066 858355900.906 823273605.469 981061075.369 2456307.03949 1 9 0
0.413254355342 824974604.713 860168981.353 824144075.016 980958264.945 2456307.04094 1 9 0
0.414440162107 824624454.565 859411934.785 823733379.95 980884584.618 2456307.04239 1 9 0
0.415625969636 824828510.361 859934895.87 823950274.437 981163113.188 2456307.04383 1 9 0
0.416811770675 824342803.352 858739069.775 823370867.492 981012914.987 2456307.04528 1 9 0
0.417997872518 824528983.577 859190669.74 823552292.975 980557465.187 2456307.04673 1 9 0
0.419183673176 824644455.388 859657672.014 823793033.689 980764779.719 2456307.04817 1 9 0
0.420369467344 824495918.755 859325342.692 823641496.507 980787111.778 2456307.04962 1 9 0
0.452303218394 822589553.873 856865906.115 821479923.717 979699911.918 2456307.08858 1 9 0
0.453489058752 823791020.998 858720649.167 822859200.33 980107972.315 2456307.09002 1 9 0
0.454674899109 823851376.486 859035722.672 822940844.19 980320059.539 2456307.09147 1 9 0
0.455860729923 823679800.217 858566871.317 822821168.447 979594200.391 2456307.09291 1 9 0
0.457046870702 823419341.614 858307988.507 822563555.881 979503361.637 2456307.09436 1 9 0
0.458232706479 823164126.211 857870398.381 822276865.424 979270414.09 2456307.09581 1 9 0
0.459418532331 823107929.129 858213629.016 822241616.809 979865463.068 2456307.09726 1 9 0
0.460604363527 822725181.889 857466985.944 821789729.286 979027833.227 2456307.0987 1 9 0
0.461790495908 822524597.126 856948085.659 821558602.244 979299030.127 2456307.10015 1 9 0
0.462976313362 822469169.384 856743798.796 821488828.842 978988965.31 2456307.1016 1 9 0
0.464162136542 822495632.111 856917023.674 821467057.684 979097856.242 2456307.10304 1 9 0
0.465347956286 822869557.946 857796174.54 821971876.655 979183229.829 2456307.10449 1 9 0
0.466534072253 822898550.865 857902029.728 821965849.403 979224088.759 2456307.10594 1 9 0
0.46771988169 822943156.021 857791362.419 822030003.008 979318634.036 2456307.10738 1 9 0
0.468905692273 823140614.949 858138142.856 822277157.771 979162353.695 2456307.10883 1 9 0
0.470091496366 823005223.64 857631268.122 822074019.069 979533231.624 2456307.11027 1 9 0
0.471277600499 823200887.36 857979333.841 822311699.297 979451234.701 2456307.11172 1 9 0
0.472463403065 823521007.498 858983452.692 822676421.532 979914099.397 2456307.11317 1 9 0
0.473649199524 823303387.659 857860454.847 822368622.66 979655308.582 2456307.11461 1 9 0
0.474834994074 823297315.21 857736017.037 822283376.341 979665697.419 2456307.11606 1 9 0
0.476021094771 823656248.521 858679571.804 822787029.338 979563342.184 2456307.11751 1 9 0
0.477206886649 823396317.788 858049435.463 822500806.621 979628944.555 2456307.11895 1 9 0
0.478392829692 823761616.672 858975750.595 822963415.179 980191083.035 2456307.1204 1 9 0
0.479578473077 823517088.589 858232780.179 822646968.603 979722561.176 2456307.12185 1 9 0
0.480764567667 823804574.338 859044572.15 822907433.663 980213882.053 2456307.12329 1 9 0
-0.49322169025 820948586.427 854719463.293 819812670.176 977687868.704 2456307.15503 1 9 0
-0.492036001439 822408357.627 856996974.917 821452418.863 978290750.707 2456307.15647 1 9 0
-0.490849862568 823040088.764 858149224.998 822164333.158 979324190.632 2456307.15792 1 9 0
-0.489664027937 822853658.712 857559043.755 821912377.0 979441831.931 2456307.15937 1 9 0
-0.488478038704 823089232.645 857934429.232 822242668.803 979719474.767 2456307.16081 1 9 0
-0.487292358674 823152059.514 857674610.97 822239036.313 979403287.249 2456307.16226 1 9 0
-0.486106225529 823251240.492 857697502.319 822282876.767 979929650.47 2456307.16371 1 9 0
-0.484920394333 823802389.866 859029649.433 822881475.979 979920897.43 2456307.16515 1 9 0
-0.483734418079 823479559.096 857878619.304 822508877.05 979736916.141 2456307.1666 1 9 0
-0.482548747973 823841642.677 858578489.771 822907728.924 980330547.499 2456307.16805 1 9 0
-0.4813626217 824174610.514 859358913.086 823301969.837 980628212.471 2456307.16949 1 9 0
-0.480176801956 823930210.127 858527564.873 823004392.631 980067239.239 2456307.17094 1 9 0
-0.478990841735 823998628.627 858541249.065 823024960.043 980052770.89 2456307.17239 1 9 0
-0.476619065969 823899347.187 858246008.227 822789042.567 980349442.818 2456307.17528 1 9 0
-0.474247309671 824017221.696 858699521.191 823070688.183 980116035.347 2456307.17817 1 9 0
-0.470689764168 823636303.704 858307941.653 822687838.48 979893932.257 2456307.18251 1 9 0
-0.468318179267 823689437.475 859174432.507 822905792.314 979892785.365 2456307.18541 1 9 0
-0.46713208086 823423115.259 858652129.782 822614542.083 979953660.538 2456307.18685 1 9 0
-0.465946285165 822848004.42 857302273.707 821864450.782 979665516.097 2456307.1883 1 9 0
-0.464760346321 823064635.604 857972961.847 822299946.989 979096938.5 2456307.18975 1 9 0
-0.438756315066 821183908.354 855153966.244 820036242.958 977565048.841 2456307.22147 1 9 0
-0.437570175432 822212215.222 856531051.835 821213907.088 978981954.814 2456307.22292 1 9 0
-0.436384340037 822842190.867 857819520.714 821953861.27 979329622.031 2456307.22436 1 9 0
-0.43519834966 823118926.684 858216161.499 822309840.552 979667143.899 2456307.22581 1 9 0
-0.43401266772 823111739.513 858124059.301 822260079.995 979362972.971 2456307.22726 1 9 0
-0.432826533049 823044544.942 857386755.29 822043248.984 979379439.397 2456307.2287 1 9 0
-0.431640699562 823609954.126 858971276.259 822838812.298 980153768.398 2456307.23015 1 9 0
-0.430454720637 823263929.166 857571328.597 822278271.072 979451606.358 2456307.2316 1 9 0
-0.429269047859 823462930.602 858187945.823 822484156.289 980487210.293 2456307.23304 1 9 0
-0.428082918531 823754947.044 858749051.066 822916875.031 979675431.054 2456307.23449 1 9 0
-0.426897095733 823892996.064 858979249.421 823032510.989 980260001.919 2456307.23594 1 9 0
-0.425711132459 823884779.971 858864464.246 823027985.176 979835804.091 2456307.23738 1 9 0
-0.424525467315 823824838.726 858594662.92 822907478.735 979867515.36 2456307.23883 1 9 0
-0.423339350585 823710362.222 858244155.211 822773097.0 979771419.893 2456307.24028 1 9 0
-0.422153548019 823569393.295 857920058.984 822560244.347 979663048.108 2456307.24172 1 9 0
-0.420967588562 823839399.599 858925603.313 822921035.254 979861902.708 2456307.24317 1 9 0
-0.419781935252 823773370.048 858732745.82 822850807.301 979770772.794 2456307.24461 1 9 0
-0.418595837226 823376270.662 857734385.645 822386812.637 979314350.488 2456307.24606 1 9 0
-0.41741003695 823814696.554 859018089.107 822981959.044 979946290.634 2456307.24751 1 9 0
-0.416224086654 823524496.772 858265088.658 822587794.034 979627444.635 2456307.24895 1 9 0
0.318950816244 820088272.294 854742312.562 819385223.735 975969706.502 2456256.9112 0 4 0
0.320136860827 822620753.029 857271564.005 821809162.878 978938447.95 2456256.91264 0 4 0
0.321322755008 823795218.186 858626384.687 823059946.502 979933249.012 2456256.91409 0 4 0
0.322508795011 824583916.24 859461885.9 823769398.425 980839501.868 2456256.91554 0 4 0
0.323694680794 825151317.45 860200749.098 824344709.141 981474470.99 2456256.91698 0 4 0
0.324880720415 825564255.15 860786867.748 824810779.464 981717814.696 2456256.91843 0 4 0
0.326066601236 825311999.069 859718726.801 824472664.746 981256472.736 2456256.91988 0 4 0
0.327252632077 825441756.68 859703929.409 824593823.486 981684621.113 2456256.92132 0 4 0
0.328438512897 825754250.537 860344802.592 824873491.961 982232728.592 2456256.92277 0 4 0
0.329624539158 825757286.803 860086186.425 824879882.773 981815686.245 2456256.92422 0 4 0
0.330810411581 825853617.266 860260338.98 824947324.486 981917938.799 2456256.92566 0 4 0
0.331996438986 826184836.633 861101210.752 825412094.543 982144536.302 2456256.92711 0 4 0
0.333182308355 826109674.293 860761753.995 825231855.523 982120839.747 2456256.92856 0 4 0
0.334368328507 826028422.571 860783549.215 825240766.881 982330645.717 2456256.93 0 4 0
0.335554200167 826230615.626 861160084.315 825427644.144 982184184.951 2456256.93145 0 4 0
0.336740222991 825732698.544 859851884.534 824787084.517 982247108.236 2456256.9329 0 4 0
0.337926085489 826118360.251 861136923.383 825283417.788 982533861.633 2456256.93434 0 4 0
0.339112108314 825742511.041 860158559.889 824856713.049 981966682.893 2456256.93579 0 4 0
0.34029797921 825770917.378 860428160.057 824847261.097 982287633.875 2456256.93724 0 4 0
0.364766831063 822564168.045 856443429.628 821403770.976 979853059.068 2456256.96709 0 4 0
0.365952731734 824111978.571 858928385.578 823273540.03 980290583.269 2456256.96853 0 4 0
0.367138787769 824042228.417 858128948.388 823089858.269 980660077.362 2456256.96998 0 4 0
0.368324692257 824425610.137 858683829.902 823496509.385 980674852.799 2456256.97143 0 4 0
0.369510739131 824865861.006 859528400.119 823948576.519 981285092.383 2456256.97287 0 4 0
0.370696640947 824331508.62 857864862.573 823239695.992 980859273.271 2456256.97432 0 4 0
0.371882693165 825111982.096 859760076.592 824295807.462 981452748.957 2456256.97577 0 4 0
0.37306858391 825066182.373 859505529.561 824151527.597 981223876.04 2456256.97721 0 4 0
0.374254632311 824996685.303 859266576.811 824031579.075 981402116.425 2456256.97866 0 4 0
0.375440527638 825139384.9 859588584.014 824277765.309 981559289.548 2456256.98011 0 4 0
0.378998494571 824822914.057 858994200.215 823908132.716 981230147.108 2456256.98445 0 4 0
0.380184372338 824948892.969 859445040.874 824019830.599 981445251.772 2456256.98589 0 4 0
0.381370407378 825155959.284 860203996.031 824296013.665 981211818.461 2456256.98734 0 4 0
0.382556288962 824868744.148 859600299.551 824016842.983 980774055.882 2456256.98879 0 4 0
0.383742311787 824825548.235 859653533.088 824008655.863 980548936.572 2456256.99023 0 4 0
0.384928189172 824287842.797 858449474.777 823338824.954 980175696.272 2456256.99168 0 4 0
0.386114216578 824579435.199 859525209.633 823760921.843 980662177.42 2456256.99313 0 4 0
0.387300082511 824417516.236 859115651.935 823526908.635 980516681.317 2456256.99457 0 4 0
0.388486106863 824523695.596 859474277.19 823597974.694 980725955.568 2456256.99602 0 4 0
0.389671978904 824163423.661 858539372.011 823255207.474 980641802.182 2456256.99747 0 4 0
0.390857997529 824358316.447 859038339.104 823496853.886 980780384.898 2456256.99891 0 4 0
0.392043864226 824647617.95 859748980.882 823810753.238 980985597.142 2456257.00036 0 4 0
0.393229886669 824251527.799 858483612.267 823315577.31 980602227.965 2456257.00181 0 4 0
0.394415753366 824290299.744 858480119.361 823268056.208 980962278.761 2456257.00325 0 4 0
0.395601772755 824927768.225 859985977.426 824005417.854 981601686.15 2456257.0047 0 4 0
0.419264110474 823418380.866 857329056.502 822286576.019 980237816.199 2456257.03357 0 4 0
0.420450006946 824520289.114 858961851.495 823532384.373 980836186.995 2456257.03501 0 4 0
0.422821967088 824847913.828 859217994.145 823892594.564 981253022.332 2456257.03791 0 4 0
0.424008017779 825113405.174 859962759.249 824250112.838 981549508.266 2456257.03935 0 4 0
0.426379967232 825031420.402 859568970.677 824111788.906 981144052.871 2456257.04225 0 4 0
0.427565862177 825147751.446 859930402.828 824234319.996 981355309.477 2456257.04369 0 4 0
0.42875190676 824931377.557 859423826.616 824024844.652 980935554.249 2456257.04514 0 4 0
0.429937801323 824898770.197 859488279.116 823997618.93 981470603.407 2456257.04659 0 4 0
0.431123841325 825315182.529 860641747.932 824521517.476 981183035.339 2456257.04803 0 4 0
0.432309728254 824385350.433 858345922.731 823361711.592 980675205.476 2456257.04948 0 4 0
0.433495767875 824857885.355 859747721.176 824002965.042 981160443.941 2456257.05093 0 4 0
0.434681649841 824821766.424 859812651.357 823996285.19 980850647.052 2456257.05237 0 4 0
0.435867680682 824808926.113 859809029.122 823892965.702 981085844.742 2456257.05382 0 4 0
0.437053562266 824637504.44 859260817.405 823701046.557 980409288.046 2456257.05527 0 4 0
0.438239588908 824689659.11 859605650.888 823851187.051 980662335.31 2456257.05671 0 4 0
0.439425462476 824509993.827 859305041.625 823643528.777 980692042.685 2456257.05816 0 4 0
0.4406114895 824656356.145 859771806.463 823838683.548 980769739.227 2456257.05961 0 4 0
0.441797359632 824439069.977 858989061.352 823518673.273 980304818.468 2456257.06105 0 4 0
0.442983379785 824468736.711 859217362.384 823581668.043 980695346.393 2456257.0625 0 4 0
0.444169251826 824807783.901 860032002.056 823978188.628 980878980.937 2456257.06395 0 4 0
0.44535527465 824076663.1 858031442.882 823064173.507 980274458.599 2456257.06539 0 4 0
0.446541137148 824254013.735 858468196.45 823240792.14 980483696.598 2456257.06684 0 4 0
0.447727159591 824389874.003 858637936.491 823400764.35 980930780.348 2456257.06829 0 4 0
0.448913030487 824387951.18 858353963.728 823386565.091 980768053.027 2456257.06973 0 4 0
0.473751817625 821983836.813 855884944.715 820724963.163 978516034.866 2456257.10003 0 4 0
0.474937865644 822776761.578 856883909.798 821698653.89 979166280.509 2456257.10148 0 4 0
0.477309825403 823164953.593 857756073.095 822214703.8 979384096.456 2456257.10437 0 4 0
0.478495719967 823315274.724 858047781.32 822378114.172 979259362.886 2456257.10582 0 4 0
0.47968177333 823169043.567 857715048.273 822280190.262 979654311.922 2456257.10727 0 4 0
0.480867673619 823153050.113 857695185.851 822232799.837 979589297.786 2456257.10871 0 4 0
0.482053719729 823281948.628 857670044.679 822364090.037 979052110.102 2456257.11016 0 4 0
0.483239612383 823213405.48 857605169.078 822223619.781 979414736.024 2456257.11161 0 4 0
0.484425658875 823253719.29 857546713.174 822218167.256 979241465.107 2456257.11305 0 4 0
0.485611547331 823598172.005 858186860.457 822669039.069 979723884.136 2456257.1145 0 4 0
0.486797585424 823924618.607 858871287.673 822964534.631 980145872.269 2456257.11595 0 4 0
0.487983473498 823711620.71 858117527.033 822750050.765 980445202.829 2456257.11739 0 4 0
0.489169507011 823728569.324 858016849.282 822774435.603 979860446.287 2456257.11884 0 4 0
0.490355385924 824147714.49 858679789.362 823274119.158 980045706.779 2456257.12029 0 4 0
0.491541419437 824244606.935 858750990.474 823335637.219 980573766.744 2456257.12173 0 4 0
0.49272729415 824392422.233 858837761.816 823389527.948 980717995.302 2456257.12318 0 4 0
0.493913319265 824515689.766 859161600.079 823598539.486 981075581.414 2456257.12463 0 4 0
0.495099194741 824406672.022 858591483.654 823342348.895 980536135.017 2456257.12607 0 4 0
0.496285216421 824442335.153 858776721.051 823475833.239 980934789.79 2456257.12752 0 4 0
0.497471085027 824705277.193 859248848.253 823801957.685 980975291.493 2456257.12897 0 4 0
0.499842975693 824800509.887 859722138.045 823854099.387 981355678.766 2456257.13186 0 4 0
-0.496599113106 824524603.395 859208192.165 823611489.12 980471968.374 2456257.1362 0 4 0
-0.471750918233 822121615.272 856336713.405 820964567.943 978622996.451 2456257.16651 0 4 0
-0.468192911218 824161092.284 858970219.829 823259792.127 980288498.027 2456257.17085 0 4 0
-0.467007012455 823964144.84 858092704.225 822930980.688 980335262.658 2456257.1723 0 4 0
-0.465820963673 824672241.31 859575971.978 823721026.464 981144828.785 2456257.17375 0 4 0
-0.464635063766 824655289.099 859129659.402 823691398.25 981123427.324 2456257.17519 0 4 0
-0.463449013457 824935007.98 859599037.864 824023511.239 981041156.366 2456257.17664 0 4 0
-0.46226312462 825300350.129 860231513.897 824403676.726 981295709.611 2456257.17809 0 4 0
-0.46107707851 825349737.64 860285144.664 824432408.662 981401295.29 2456257.17953 0 4 0
-0.459891186237 825289219.077 859976231.635 824360685.569 981521748.307 2456257.18098 0 4 0
-0.458705152342 825692565.069 860857190.652 824882854.991 981604623.974 2456257.18243 0 4 0
-0.45751926465 825563761.829 860324582.482 824600018.161 981653963.067 2456257.18387 0 4 0
-0.456333226938 825587413.343 860164985.806 824673259.401 981719894.211 2456257.18532 0 4 0
-0.455147351843 825438392.654 859879370.98 824503606.272 981695727.264 2456257.18677 0 4 0
-0.453961319093 825492519.088 859823062.308 824536596.597 981668414.676 2456257.18821 0 4 0
-0.452775439799 825432533.179 859787830.78 824422268.09 981594627.054 2456257.18966 0 4 0
-0.451589419265 825184927.692 859243194.065 824197578.294 981712536.057 2456257.19111 0 4 0
-0.450403543789 825412062.643 860241607.973 824507380.426 981942392.049 2456257.19255 0 4 0
