1.137 0.000978 0.000045 0.300 0.000 1.46
1.163 0.001187 0.000044 0.300 0.000 1.11
1.188 0.000937 0.000044 0.300 0.000 1.14
1.212 0.000960 0.000043 0.300 0.000 1.45
1.238 0.000843 0.000043 0.300 0.000 1.27
1.262 0.000923 0.000043 0.300 0.000 1.08
1.288 0.001128 0.000044 0.300 0.000 1.56
1.312 0.000910 0.000043 0.300 0.000 0.97
1.337 0.001087 0.000044 0.300 0.000 0.99
1.363 0.000960 0.000044 0.300 0.000 1.05
1.387 0.001247 0.000046 0.300 0.000 0.90
1.413 0.001066 0.000046 0.300 0.000 0.80
1.438 0.001253 0.000047 0.300 0.000 1.34
1.462 0.001203 0.000048 0.300 0.000 1.15
1.488 0.001357 0.000049 0.300 0.000 1.42
1.512 0.001183 0.000050 0.300 0.000 1.06
1.538 0.001239 0.000051 0.300 0.000 1.23
1.562 0.001325 0.000052 0.300 0.000 1.27
1.587 0.001397 0.000054 0.300 0.000 1.54
1.613 0.001130 0.000055 0.300 0.000 2.34
1.637 0.001421 0.000057 0.300 0.000 3.34
