1.137 0.001074 0.000037 0.300 0.000 2.20
1.163 0.001316 0.000040 0.300 0.000 2.21
1.188 0.001095 0.000038 0.300 0.000 1.87
1.212 0.001135 0.000036 0.300 0.000 2.00
1.238 0.001033 0.000035 0.300 0.000 1.94
1.262 0.001154 0.000038 0.300 0.000 1.71
1.288 0.001390 0.000041 0.300 0.000 1.89
1.312 0.001231 0.000036 0.300 0.000 2.19
1.337 0.001259 0.000037 0.300 0.000 1.56
1.363 0.001261 0.000038 0.300 0.000 2.05
1.387 0.001473 0.000042 0.300 0.000 1.75
1.413 0.001344 0.000039 0.300 0.000 1.48
1.438 0.001564 0.000043 0.300 0.000 2.01
1.462 0.001560 0.000042 0.300 0.000 1.64
1.488 0.001638 0.000046 0.300 0.000 1.80
1.512 0.001494 0.000043 0.300 0.000 1.67
1.538 0.001529 0.000044 0.300 0.000 1.80
1.562 0.001579 0.000045 0.300 0.000 1.90
1.587 0.001587 0.000043 0.300 0.000 2.17
1.613 0.001502 0.000048 0.300 0.000 3.25
1.637 0.001583 0.000048 0.300 0.000 3.72
