1.337 0.001328 0.000031 0.300 0.000 1.12
1.337 0.001328 0.000033 0.300 0.000 1.00
1.137 0.001194 0.000032 0.300 0.000 1.70
1.137 0.001194 0.000041 0.300 0.000 1.00
1.637 0.001640 0.000041 0.300 0.000 3.19
1.637 0.001640 0.000073 0.300 0.000 1.00
1.387 0.001448 0.000036 0.300 0.000 1.01
1.387 0.001448 0.000037 0.300 0.000 1.00
1.587 0.001676 0.000039 0.300 0.000 1.92
1.587 0.001676 0.000053 0.300 0.000 1.00
1.212 0.001222 0.000031 0.300 0.000 1.46
1.212 0.001222 0.000037 0.300 0.000 1.00
1.238 0.001149 0.000031 0.300 0.000 1.40
1.238 0.001149 0.000036 0.300 0.000 1.00
1.562 0.000100 0.000024 0.300 0.000 41794135.95
1.562 0.000100 0.152620 0.300 0.000 1.00
1.413 0.001438 0.000033 0.300 0.000 0.89
1.413 0.001438 0.000031 0.300 0.000 1.00
1.163 0.001304 0.000032 0.300 0.000 1.43
1.163 0.001304 0.000039 0.300 0.000 1.00
1.188 0.001154 0.000031 0.300 0.000 1.08
1.188 0.001154 0.000032 0.300 0.000 1.00
1.438 0.001582 0.000035 0.300 0.000 1.41
1.438 0.001582 0.000042 0.300 0.000 1.00
1.613 0.001637 0.000040 0.300 0.000 2.79
1.613 0.001637 0.000067 0.300 0.000 1.00
1.363 0.001337 0.000032 0.300 0.000 1.19
1.363 0.001337 0.000035 0.300 0.000 1.00
1.462 0.001635 0.000035 0.300 0.000 1.31
1.462 0.001635 0.000040 0.300 0.000 1.00
1.488 0.001660 0.000038 0.300 0.000 1.23
1.488 0.001660 0.000042 0.300 0.000 1.00
1.312 0.001314 0.000031 0.300 0.000 1.41
1.312 0.001314 0.000037 0.300 0.000 1.00
1.262 0.001219 0.000032 0.300 0.000 1.26
1.262 0.001219 0.000035 0.300 0.000 1.00
1.538 0.001596 0.000037 0.300 0.000 1.30
1.538 0.001596 0.000042 0.300 0.000 1.00
1.288 0.001384 0.000036 0.300 0.000 1.38
1.288 0.001384 0.000042 0.300 0.000 1.00
1.512 0.001577 0.000037 0.300 0.000 1.16
1.512 0.001577 0.000039 0.300 0.000 1.00
