1.137 0.001108 0.000032 0.300 0.000 1.80
1.163 0.001214 0.000032 0.300 0.000 1.64
1.188 0.001068 0.000031 0.300 0.000 1.19
1.212 0.001134 0.000031 0.300 0.000 1.54
1.238 0.001057 0.000031 0.300 0.000 1.53
1.262 0.001135 0.000032 0.300 0.000 1.37
1.288 0.001298 0.000036 0.300 0.000 1.39
1.312 0.001224 0.000031 0.300 0.000 1.57
1.337 0.001238 0.000031 0.300 0.000 1.21
1.363 0.001247 0.000032 0.300 0.000 1.24
1.387 0.001361 0.000037 0.300 0.000 1.09
1.413 0.001348 0.000033 0.300 0.000 0.91
1.438 0.001491 0.000036 0.300 0.000 1.48
1.462 0.001542 0.000035 0.300 0.000 1.36
1.488 0.001577 0.000038 0.300 0.000 1.29
1.512 0.001486 0.000036 0.300 0.000 1.17
1.538 0.001505 0.000037 0.300 0.000 1.38
1.562 0.001547 0.000037 0.300 0.000 1.46
1.587 0.001582 0.000038 0.300 0.000 2.03
1.613 0.001543 0.000040 0.300 0.000 2.89
1.637 0.001550 0.000041 0.300 0.000 3.19
