1.137 0.001040 0.000056 0.300 0.000 1.82
1.163 0.001250 0.000056 0.300 0.000 2.43
1.188 0.000953 0.000055 0.300 0.000 1.43
1.212 0.000990 0.000054 0.300 0.000 1.87
1.238 0.000881 0.000054 0.300 0.000 1.93
1.262 0.001064 0.000054 0.300 0.000 1.46
1.288 0.001375 0.000055 0.300 0.000 1.75
1.312 0.001069 0.000055 0.300 0.000 2.14
1.337 0.001207 0.000055 0.300 0.000 2.02
1.363 0.001115 0.000056 0.300 0.000 1.62
1.387 0.001403 0.000057 0.300 0.000 1.76
1.413 0.001300 0.000058 0.300 0.000 1.58
1.438 0.001532 0.000059 0.300 0.000 1.95
1.462 0.001514 0.000060 0.300 0.000 1.55
1.488 0.001593 0.000061 0.300 0.000 1.93
1.512 0.001391 0.000062 0.300 0.000 1.45
1.538 0.001503 0.000064 0.300 0.000 1.70
1.562 0.001541 0.000066 0.300 0.000 1.72
1.587 0.001536 0.000065 0.300 0.000 2.21
1.613 0.001359 0.000068 0.300 0.000 2.52
1.637 0.001632 0.000069 0.300 0.000 3.33
