#time 		photoelectrons 	error 		visit 	orbit 	scan 	wave_center 	wave_start 	wave_end
0.345126933741 4816829.93837 569196.470291 1.6 0.0 2456306.95783 1.0 9.0 0.0
0.34631307681 4839776.47894 571895.809741 1.6 0.0 2456306.95928 1.0 9.0 0.0
0.347498911442 4850370.25266 573086.325719 1.6 0.0 2456306.96073 1.0 9.0 0.0
0.348684744547 4857768.85866 573893.391927 1.6 0.0 2456306.96217 1.0 9.0 0.0
0.34987057956 4861433.60958 574359.732164 1.6 0.0 2456306.96362 1.0 9.0 0.0
0.35105671156 4865417.69927 574815.298449 1.6 0.0 2456306.96507 1.0 9.0 0.0
0.352242537411 4867509.47208 575028.584623 1.6 0.0 2456306.96651 1.0 9.0 0.0
0.353428365554 4868424.77679 575100.374933 1.6 0.0 2456306.96796 1.0 9.0 0.0
0.354614185679 4869929.59847 575251.875596 1.6 0.0 2456306.96941 1.0 9.0 0.0
0.355800306609 4871806.79478 575533.084477 1.6 0.0 2456306.97085 1.0 9.0 0.0
0.356986124826 4870526.65968 575326.688391 1.6 0.0 2456306.9723 1.0 9.0 0.0
0.358171936172 4872140.5784 575580.018254 1.6 0.0 2456306.97375 1.0 9.0 0.0
0.359357744464 4871976.47761 575502.577039 1.6 0.0 2456306.97519 1.0 9.0 0.0
0.360543856995 4871073.25748 575401.281881 1.6 0.0 2456306.97664 1.0 9.0 0.0
0.36172965918 4871036.45674 575414.356813 1.6 0.0 2456306.97809 1.0 9.0 0.0
0.362915459074 4867581.83164 575032.103863 1.6 0.0 2456306.97953 1.0 9.0 0.0
0.364101260495 4867388.82307 574969.536887 1.6 0.0 2456306.98098 1.0 9.0 0.0
0.365287363483 4867336.22105 574938.598824 1.6 0.0 2456306.98243 1.0 9.0 0.0
0.366473152689 4865530.57937 574713.135037 1.6 0.0 2456306.98387 1.0 9.0 0.0
0.367658949147 4866468.19424 574906.761038 1.6 0.0 2456306.98532 1.0 9.0 0.0
0.368844745224 4866695.34204 574895.753283 1.6 0.0 2456306.98677 1.0 9.0 0.0
0.370030835233 4865522.93985 574725.571947 1.6 0.0 2456306.98821 1.0 9.0 0.0
0.371216630547 4865983.97598 574857.418887 1.6 0.0 2456306.98966 1.0 9.0 0.0
0.37240242586 4864713.96593 574667.04318 1.6 0.0 2456306.99111 1.0 9.0 0.0
0.397837392006 4864465.80042 574585.249896 1.6 0.0 2456307.02213 1.0 9.0 0.0
0.399023527822 4869527.23136 575201.036814 1.6 0.0 2456307.02358 1.0 9.0 0.0
0.400209367798 4869990.13956 575272.797707 1.6 0.0 2456307.02503 1.0 9.0 0.0
0.401395206629 4870891.833 575364.386214 1.6 0.0 2456307.02647 1.0 9.0 0.0
0.402581036298 4871456.42935 575437.275648 1.6 0.0 2456307.02792 1.0 9.0 0.0
0.403767175932 4872488.90079 575603.039217 1.6 0.0 2456307.02937 1.0 9.0 0.0
0.40613883298 4871170.63692 575466.652645 1.6 0.0 2456307.03226 1.0 9.0 0.0
0.407324661885 4875445.05125 575946.788839 1.6 0.0 2456307.03371 1.0 9.0 0.0
0.409696605613 4871224.45187 575427.017874 1.6 0.0 2456307.0366 1.0 9.0 0.0
0.410882425357 4872918.02043 575610.618853 1.6 0.0 2456307.03805 1.0 9.0 0.0
0.412068242811 4871827.63027 575490.418899 1.6 0.0 2456307.03949 1.0 9.0 0.0
0.413254355342 4871288.67975 575409.333183 1.6 0.0 2456307.04094 1.0 9.0 0.0
0.414440162107 4870007.74218 575307.005783 1.6 0.0 2456307.04239 1.0 9.0 0.0
0.415625969636 4872408.07773 575586.691179 1.6 0.0 2456307.04383 1.0 9.0 0.0
0.416811770675 4870563.66074 575336.292666 1.6 0.0 2456307.04528 1.0 9.0 0.0
0.417997872518 4871605.48254 575430.78478 1.6 0.0 2456307.04673 1.0 9.0 0.0
0.419183673176 4869746.30353 575171.156906 1.6 0.0 2456307.04817 1.0 9.0 0.0
0.420369467344 4869292.62965 575173.48758 1.6 0.0 2456307.04962 1.0 9.0 0.0
0.452303218394 4859108.06922 573998.57784 1.6 0.0 2456307.08858 1.0 9.0 0.0
0.453489058752 4862903.07293 574429.251635 1.6 0.0 2456307.09002 1.0 9.0 0.0
0.454674899109 4862088.19379 574352.157645 1.6 0.0 2456307.09147 1.0 9.0 0.0
0.455860729923 4863509.85426 574506.200939 1.6 0.0 2456307.09291 1.0 9.0 0.0
0.457046870702 4862635.21298 574388.019271 1.6 0.0 2456307.09436 1.0 9.0 0.0
0.458232706479 4861547.89796 574270.139926 1.6 0.0 2456307.09581 1.0 9.0 0.0
0.459418532331 4860474.66964 574185.918218 1.6 0.0 2456307.09726 1.0 9.0 0.0
0.460604363527 4860014.32608 574063.873247 1.6 0.0 2456307.0987 1.0 9.0 0.0
0.461790495908 4854321.94398 573471.720683 1.6 0.0 2456307.10015 1.0 9.0 0.0
0.462976313362 4855893.63612 573652.955418 1.6 0.0 2456307.1016 1.0 9.0 0.0
0.464162136542 4857442.12106 573807.318589 1.6 0.0 2456307.10304 1.0 9.0 0.0
0.465347956286 4857399.29111 573814.054355 1.6 0.0 2456307.10449 1.0 9.0 0.0
0.466534072253 4858888.46813 573960.882093 1.6 0.0 2456307.10594 1.0 9.0 0.0
0.46771988169 4856274.1531 573723.707819 1.6 0.0 2456307.10738 1.0 9.0 0.0
0.468905692273 4860386.02856 574185.966479 1.6 0.0 2456307.10883 1.0 9.0 0.0
0.470091496366 4857765.41771 573846.498642 1.6 0.0 2456307.11027 1.0 9.0 0.0
0.471277600499 4858954.60132 573948.899374 1.6 0.0 2456307.11172 1.0 9.0 0.0
0.472463403065 4860384.24395 574181.280239 1.6 0.0 2456307.11317 1.0 9.0 0.0
0.473649199524 4859767.54838 574062.214108 1.6 0.0 2456307.11461 1.0 9.0 0.0
0.474834994074 4859961.13634 574130.822088 1.6 0.0 2456307.11606 1.0 9.0 0.0
0.476021094771 4862078.72326 574329.349531 1.6 0.0 2456307.11751 1.0 9.0 0.0
0.477206886649 4860497.28159 574165.085002 1.6 0.0 2456307.11895 1.0 9.0 0.0
0.478392829692 4861787.67652 574340.483392 1.6 0.0 2456307.1204 1.0 9.0 0.0
0.479578473077 4859769.95021 574070.653988 1.6 0.0 2456307.12185 1.0 9.0 0.0
0.480764567667 4860292.20973 574147.842242 1.6 0.0 2456307.12329 1.0 9.0 0.0
-0.49322169025 4849607.5369 572833.632285 1.6 0.0 2456307.15503 1.0 9.0 0.0
-0.492036001439 4854961.0851 573424.321659 1.6 0.0 2456307.15647 1.0 9.0 0.0
-0.490849862568 4856621.18277 573705.948762 1.6 0.0 2456307.15792 1.0 9.0 0.0
-0.489664027937 4858107.29398 573871.342922 1.6 0.0 2456307.15937 1.0 9.0 0.0
-0.488478038704 4859254.0444 574059.837133 1.6 0.0 2456307.16081 1.0 9.0 0.0
-0.487292358674 4858741.63672 573957.475194 1.6 0.0 2456307.16226 1.0 9.0 0.0
-0.486106225529 4860793.53665 574244.434882 1.6 0.0 2456307.16371 1.0 9.0 0.0
-0.484920394333 4861985.90211 574368.76767 1.6 0.0 2456307.16515 1.0 9.0 0.0
-0.483734418079 4863542.13377 574525.704405 1.6 0.0 2456307.1666 1.0 9.0 0.0
-0.482548747973 4862753.46345 574426.474018 1.6 0.0 2456307.16805 1.0 9.0 0.0
-0.4813626217 4862952.30143 574471.006741 1.6 0.0 2456307.16949 1.0 9.0 0.0
-0.480176801956 4862591.29488 574370.548701 1.6 0.0 2456307.17094 1.0 9.0 0.0
-0.478990841735 4862634.67892 574366.667972 1.6 0.0 2456307.17239 1.0 9.0 0.0
-0.476619065969 4862332.164 574367.930101 1.6 0.0 2456307.17528 1.0 9.0 0.0
-0.474247309671 4863143.10037 574437.955674 1.6 0.0 2456307.17817 1.0 9.0 0.0
-0.470689764168 4861812.64068 574296.21099 1.6 0.0 2456307.18251 1.0 9.0 0.0
-0.468318179267 4859894.97866 574101.545537 1.6 0.0 2456307.18541 1.0 9.0 0.0
-0.46713208086 4860772.03698 574191.07758 1.6 0.0 2456307.18685 1.0 9.0 0.0
-0.465946285165 4857262.81174 573793.686868 1.6 0.0 2456307.1883 1.0 9.0 0.0
-0.464760346321 4857879.48904 573842.199241 1.6 0.0 2456307.18975 1.0 9.0 0.0
-0.438756315066 4851251.63854 573006.799151 1.6 0.0 2456307.22147 1.0 9.0 0.0
-0.437570175432 4855474.93516 573551.019 1.6 0.0 2456307.22292 1.0 9.0 0.0
-0.436384340037 4856724.41132 573799.0286 1.6 0.0 2456307.22436 1.0 9.0 0.0
-0.43519834966 4856161.39898 573661.533627 1.6 0.0 2456307.22581 1.0 9.0 0.0
-0.43401266772 4857822.07334 573851.748192 1.6 0.0 2456307.22726 1.0 9.0 0.0
-0.432826533049 4859252.65344 574023.489343 1.6 0.0 2456307.2287 1.0 9.0 0.0
-0.431640699562 4860697.22705 574255.291716 1.6 0.0 2456307.23015 1.0 9.0 0.0
-0.430454720637 4860046.90033 574053.214191 1.6 0.0 2456307.2316 1.0 9.0 0.0
-0.429269047859 4860356.32578 574193.674657 1.6 0.0 2456307.23304 1.0 9.0 0.0
-0.428082918531 4861096.00259 574226.272618 1.6 0.0 2456307.23449 1.0 9.0 0.0
-0.426897095733 4865389.30765 574733.539516 1.6 0.0 2456307.23594 1.0 9.0 0.0
-0.425711132459 4863092.37548 574451.577159 1.6 0.0 2456307.23738 1.0 9.0 0.0
-0.424525467315 4863621.92844 574506.502395 1.6 0.0 2456307.23883 1.0 9.0 0.0
-0.423339350585 4862901.4148 574401.792511 1.6 0.0 2456307.24028 1.0 9.0 0.0
-0.422153548019 4863753.93707 574482.114874 1.6 0.0 2456307.24172 1.0 9.0 0.0
-0.420967588562 4863058.12121 574410.695568 1.6 0.0 2456307.24317 1.0 9.0 0.0
-0.419781935252 4865098.86785 574657.526895 1.6 0.0 2456307.24461 1.0 9.0 0.0
-0.418595837226 4861955.72942 574272.137613 1.6 0.0 2456307.24606 1.0 9.0 0.0
-0.41741003695 4862196.49858 574384.615911 1.6 0.0 2456307.24751 1.0 9.0 0.0
-0.416224086654 4861992.03018 574292.783431 1.6 0.0 2456307.24895 1.0 9.0 0.0
0.318950816244 4838618.55813 571543.31032 1.6 0.0 2456256.9112 0.0 4.0 0.0
0.320136860827 4858162.89278 573795.271172 1.6 0.0 2456256.91264 0.0 4.0 0.0
0.321322755008 4866903.86695 574801.721193 1.6 0.0 2456256.91409 0.0 4.0 0.0
0.322508795011 4872862.04529 575466.231682 1.6 0.0 2456256.91554 0.0 4.0 0.0
0.323694680794 4877121.01658 575986.970628 1.6 0.0 2456256.91698 0.0 4.0 0.0
0.324880720415 4876722.61354 575940.477525 1.6 0.0 2456256.91843 0.0 4.0 0.0
0.326066601236 4877649.6238 575972.548286 1.6 0.0 2456256.91988 0.0 4.0 0.0
0.327252632077 4880725.89684 576316.671787 1.6 0.0 2456256.92132 0.0 4.0 0.0
0.328438512897 4880680.31241 576358.983 1.6 0.0 2456256.92277 0.0 4.0 0.0
0.329624539158 4881558.50659 576411.702979 1.6 0.0 2456256.92422 0.0 4.0 0.0
0.330810411581 4881019.20527 576323.788715 1.6 0.0 2456256.92566 0.0 4.0 0.0
0.331996438986 4881790.2743 576433.619209 1.6 0.0 2456256.92711 0.0 4.0 0.0
0.333182308355 4879589.62335 576192.496107 1.6 0.0 2456256.92856 0.0 4.0 0.0
0.334368328507 4880868.77407 576354.731676 1.6 0.0 2456256.93 0.0 4.0 0.0
0.335554200167 4882081.4002 576435.390446 1.6 0.0 2456256.93145 0.0 4.0 0.0
0.336740222991 4881474.00529 576397.356887 1.6 0.0 2456256.9329 0.0 4.0 0.0
0.337926085489 4879858.60778 576242.193665 1.6 0.0 2456256.93434 0.0 4.0 0.0
0.339112108314 4880434.46768 576263.241247 1.6 0.0 2456256.93579 0.0 4.0 0.0
0.34029797921 4879260.38298 576194.6067 1.6 0.0 2456256.93724 0.0 4.0 0.0
0.364766831063 4864335.67853 574414.771118 1.6 0.0 2456256.96709 0.0 4.0 0.0
0.365952731734 4869248.78746 574980.045182 1.6 0.0 2456256.96853 0.0 4.0 0.0
0.367138787769 4869177.34381 574994.142822 1.6 0.0 2456256.96998 0.0 4.0 0.0
0.368324692257 4872531.07827 575339.945129 1.6 0.0 2456256.97143 0.0 4.0 0.0
0.369510739131 4873638.72345 575476.841864 1.6 0.0 2456256.97287 0.0 4.0 0.0
0.370696640947 4874021.87782 575490.150391 1.6 0.0 2456256.97432 0.0 4.0 0.0
0.371882693165 4875148.33086 575660.373123 1.6 0.0 2456256.97577 0.0 4.0 0.0
0.37306858391 4874132.32369 575502.422717 1.6 0.0 2456256.97721 0.0 4.0 0.0
0.374254632311 4875221.68588 575661.442988 1.6 0.0 2456256.97866 0.0 4.0 0.0
0.375440527638 4874165.38741 575558.469786 1.6 0.0 2456256.98011 0.0 4.0 0.0
0.378998494571 4872656.15152 575359.490866 1.6 0.0 2456256.98445 0.0 4.0 0.0
0.380184372338 4873225.18825 575441.933534 1.6 0.0 2456256.98589 0.0 4.0 0.0
0.381370407378 4872489.60081 575343.846496 1.6 0.0 2456256.98734 0.0 4.0 0.0
0.382556288962 4872968.59896 575351.116448 1.6 0.0 2456256.98879 0.0 4.0 0.0
0.383742311787 4871164.57457 575132.693473 1.6 0.0 2456256.99023 0.0 4.0 0.0
0.384928189172 4867841.34643 574725.871281 1.6 0.0 2456256.99168 0.0 4.0 0.0
0.386114216578 4867892.86903 574801.222705 1.6 0.0 2456256.99313 0.0 4.0 0.0
0.387300082511 4868384.8136 574850.568197 1.6 0.0 2456256.99457 0.0 4.0 0.0
0.388486106863 4870915.28593 575158.948431 1.6 0.0 2456256.99602 0.0 4.0 0.0
0.389671978904 4869544.55191 575007.237484 1.6 0.0 2456256.99747 0.0 4.0 0.0
0.390857997529 4869093.21382 574984.996397 1.6 0.0 2456256.99891 0.0 4.0 0.0
0.392043864226 4869120.31523 574972.385911 1.6 0.0 2456257.00036 0.0 4.0 0.0
0.393229886669 4867328.24662 574727.403384 1.6 0.0 2456257.00181 0.0 4.0 0.0
0.394415753366 4869097.84071 574921.579018 1.6 0.0 2456257.00325 0.0 4.0 0.0
0.395601772755 4870881.7909 575179.119054 1.6 0.0 2456257.0047 0.0 4.0 0.0
0.419264110474 4863832.66175 574314.185135 1.6 0.0 2456257.03357 0.0 4.0 0.0
0.420450006946 4869010.91052 574910.637245 1.6 0.0 2456257.03501 0.0 4.0 0.0
0.422821967088 4871828.32982 575258.433056 1.6 0.0 2456257.03791 0.0 4.0 0.0
0.424008017779 4870681.55511 575182.407418 1.6 0.0 2456257.03935 0.0 4.0 0.0
0.426379967232 4869889.54998 574981.382531 1.6 0.0 2456257.04225 0.0 4.0 0.0
0.427565862177 4871824.67285 575224.002707 1.6 0.0 2456257.04369 0.0 4.0 0.0
0.42875190676 4868071.76664 574806.175282 1.6 0.0 2456257.04514 0.0 4.0 0.0
0.429937801323 4869743.25508 575009.469333 1.6 0.0 2456257.04659 0.0 4.0 0.0
0.431123841325 4871466.93719 575206.738312 1.6 0.0 2456257.04803 0.0 4.0 0.0
0.432309728254 4869984.61115 574999.61424 1.6 0.0 2456257.04948 0.0 4.0 0.0
0.433495767875 4868229.876 574870.372646 1.6 0.0 2456257.05093 0.0 4.0 0.0
0.434681649841 4870638.68409 575097.091089 1.6 0.0 2456257.05237 0.0 4.0 0.0
0.435867680682 4869872.85568 575021.287376 1.6 0.0 2456257.05382 0.0 4.0 0.0
0.437053562266 4869307.52525 574888.846163 1.6 0.0 2456257.05527 0.0 4.0 0.0
0.438239588908 4868908.13691 574891.991164 1.6 0.0 2456257.05671 0.0 4.0 0.0
0.439425462476 4868150.07451 574810.486347 1.6 0.0 2456257.05816 0.0 4.0 0.0
0.4406114895 4866394.63241 574670.34867 1.6 0.0 2456257.05961 0.0 4.0 0.0
0.441797359632 4867163.94011 574669.112659 1.6 0.0 2456257.06105 0.0 4.0 0.0
0.442983379785 4866361.89008 574620.250405 1.6 0.0 2456257.0625 0.0 4.0 0.0
0.444169251826 4866860.51803 574683.159882 1.6 0.0 2456257.06395 0.0 4.0 0.0
0.44535527465 4863899.49389 574298.376915 1.6 0.0 2456257.06539 0.0 4.0 0.0
0.446541137148 4866972.11857 574671.172227 1.6 0.0 2456257.06684 0.0 4.0 0.0
0.447727159591 4867204.72772 574715.425444 1.6 0.0 2456257.06829 0.0 4.0 0.0
0.448913030487 4866246.69413 574575.062733 1.6 0.0 2456257.06973 0.0 4.0 0.0
0.473751817625 4854495.3852 573126.854894 1.6 0.0 2456257.10003 0.0 4.0 0.0
0.474937865644 4856740.81445 573469.827996 1.6 0.0 2456257.10148 0.0 4.0 0.0
0.477309825403 4857410.8679 573533.469609 1.6 0.0 2456257.10437 0.0 4.0 0.0
0.478495719967 4859183.65641 573766.43335 1.6 0.0 2456257.10582 0.0 4.0 0.0
0.47968177333 4857265.18351 573608.645721 1.6 0.0 2456257.10727 0.0 4.0 0.0
0.480867673619 4856702.10148 573520.170025 1.6 0.0 2456257.10871 0.0 4.0 0.0
0.482053719729 4858354.91727 573681.111952 1.6 0.0 2456257.11016 0.0 4.0 0.0
0.483239612383 4857600.51702 573577.519448 1.6 0.0 2456257.11161 0.0 4.0 0.0
0.484425658875 4858541.75805 573672.016036 1.6 0.0 2456257.11305 0.0 4.0 0.0
0.485611547331 4859598.57574 573794.019538 1.6 0.0 2456257.1145 0.0 4.0 0.0
0.486797585424 4859308.62293 573819.158858 1.6 0.0 2456257.11595 0.0 4.0 0.0
0.487983473498 4858892.73703 573755.104669 1.6 0.0 2456257.11739 0.0 4.0 0.0
0.489169507011 4859312.17497 573790.596481 1.6 0.0 2456257.11884 0.0 4.0 0.0
0.490355385924 4860770.58513 573953.739963 1.6 0.0 2456257.12029 0.0 4.0 0.0
0.491541419437 4862328.77498 574164.489615 1.6 0.0 2456257.12173 0.0 4.0 0.0
0.49272729415 4862617.67784 574179.953821 1.6 0.0 2456257.12318 0.0 4.0 0.0
0.493913319265 4861887.12423 574101.829152 1.6 0.0 2456257.12463 0.0 4.0 0.0
0.495099194741 4862882.1661 574183.165558 1.6 0.0 2456257.12607 0.0 4.0 0.0
0.496285216421 4861526.57544 574071.348979 1.6 0.0 2456257.12752 0.0 4.0 0.0
0.497471085027 4863865.71591 574297.594517 1.6 0.0 2456257.12897 0.0 4.0 0.0
0.499842975693 4864474.40863 574452.429372 1.6 0.0 2456257.13186 0.0 4.0 0.0
-0.496599113106 4862608.73689 574165.35107 1.6 0.0 2456257.1362 0.0 4.0 0.0
-0.471750918233 4853199.74841 573059.975978 1.6 0.0 2456257.16651 0.0 4.0 0.0
-0.468192911218 4860046.35984 573854.384751 1.6 0.0 2456257.17085 0.0 4.0 0.0
-0.467007012455 4859442.1308 573815.502685 1.6 0.0 2456257.1723 0.0 4.0 0.0
-0.465820963673 4863227.63834 574255.648956 1.6 0.0 2456257.17375 0.0 4.0 0.0
-0.464635063766 4864223.86214 574371.729661 1.6 0.0 2456257.17519 0.0 4.0 0.0
-0.463449013457 4862872.48218 574159.180174 1.6 0.0 2456257.17664 0.0 4.0 0.0
-0.46226312462 4866764.13322 574620.645107 1.6 0.0 2456257.17809 0.0 4.0 0.0
-0.46107707851 4864313.06346 574333.419284 1.6 0.0 2456257.17953 0.0 4.0 0.0
-0.459891186237 4866266.37486 574573.418504 1.6 0.0 2456257.18098 0.0 4.0 0.0
-0.458705152342 4867242.12838 574704.473295 1.6 0.0 2456257.18243 0.0 4.0 0.0
-0.45751926465 4867871.12884 574797.972991 1.6 0.0 2456257.18387 0.0 4.0 0.0
-0.456333226938 4867651.78241 574728.179943 1.6 0.0 2456257.18532 0.0 4.0 0.0
-0.455147351843 4867044.59621 574638.624985 1.6 0.0 2456257.18677 0.0 4.0 0.0
-0.453961319093 4867375.47828 574692.848661 1.6 0.0 2456257.18821 0.0 4.0 0.0
-0.452775439799 4869880.43217 575004.811438 1.6 0.0 2456257.18966 0.0 4.0 0.0
-0.451589419265 4868373.48431 574826.843276 1.6 0.0 2456257.19111 0.0 4.0 0.0
-0.450403543789 4865518.05427 574531.827404 1.6 0.0 2456257.19255 0.0 4.0 0.0
