#time 		photoelectrons 	error 		visit 	orbit 	scan 	wave_center 	wave_start 	wave_end
0.345126933741 5952909.35329 700164.542605 1.48 0.0 2456306.95783 1.0 9.0 0.0
0.34631307681 5979944.71569 703366.358315 1.48 0.0 2456306.95928 1.0 9.0 0.0
0.347498911442 5992881.1272 704826.591984 1.48 0.0 2456306.96073 1.0 9.0 0.0
0.348684744547 6000537.45629 705683.366411 1.48 0.0 2456306.96217 1.0 9.0 0.0
0.34987057956 6004392.14809 706166.791248 1.48 0.0 2456306.96362 1.0 9.0 0.0
0.35105671156 6008792.18968 706670.022564 1.48 0.0 2456306.96507 1.0 9.0 0.0
0.352242537411 6011726.57694 706975.404015 1.48 0.0 2456306.96651 1.0 9.0 0.0
0.353428365554 6013509.43871 707187.344936 1.48 0.0 2456306.96796 1.0 9.0 0.0
0.354614185679 6014743.35895 707290.061011 1.48 0.0 2456306.96941 1.0 9.0 0.0
0.355800306609 6016441.94189 707538.291888 1.48 0.0 2456306.97085 1.0 9.0 0.0
0.356986124826 6016053.24778 707456.836773 1.48 0.0 2456306.9723 1.0 9.0 0.0
0.358171936172 6016865.62406 707620.066513 1.48 0.0 2456306.97375 1.0 9.0 0.0
0.359357744464 6016271.20923 707492.304861 1.48 0.0 2456306.97519 1.0 9.0 0.0
0.360543856995 6015342.10469 707379.13966 1.48 0.0 2456306.97664 1.0 9.0 0.0
0.36172965918 6016673.4423 707540.670725 1.48 0.0 2456306.97809 1.0 9.0 0.0
0.362915459074 6012897.09221 707147.754071 1.48 0.0 2456306.97953 1.0 9.0 0.0
0.364101260495 6012604.68838 707061.593241 1.48 0.0 2456306.98098 1.0 9.0 0.0
0.365287363483 6012293.11144 707012.629861 1.48 0.0 2456306.98243 1.0 9.0 0.0
0.366473152689 6010649.36228 706815.750685 1.48 0.0 2456306.98387 1.0 9.0 0.0
0.367658949147 6014119.96601 707282.565803 1.48 0.0 2456306.98532 1.0 9.0 0.0
0.368844745224 6011157.25634 706911.471865 1.48 0.0 2456306.98677 1.0 9.0 0.0
0.370030835233 6010107.97148 706763.751702 1.48 0.0 2456306.98821 1.0 9.0 0.0
0.371216630547 6012379.53879 707082.50635 1.48 0.0 2456306.98966 1.0 9.0 0.0
0.37240242586 6010222.80228 706805.78565 1.48 0.0 2456306.99111 1.0 9.0 0.0
0.397837392006 6008873.21874 706531.501836 1.48 0.0 2456307.02213 1.0 9.0 0.0
0.399023527822 6015121.62852 707345.295819 1.48 0.0 2456307.02358 1.0 9.0 0.0
0.400209367798 6016280.99941 707501.238539 1.48 0.0 2456307.02503 1.0 9.0 0.0
0.401395206629 6018008.54996 707669.77854 1.48 0.0 2456307.02647 1.0 9.0 0.0
0.402581036298 6018626.9135 707767.289726 1.48 0.0 2456307.02792 1.0 9.0 0.0
0.403767175932 6019500.42205 707900.073345 1.48 0.0 2456307.02937 1.0 9.0 0.0
0.40613883298 6021308.74607 708094.725845 1.48 0.0 2456307.03226 1.0 9.0 0.0
0.407324661885 6021208.55867 708102.727919 1.48 0.0 2456307.03371 1.0 9.0 0.0
0.409696605613 6019688.14759 707892.073397 1.48 0.0 2456307.0366 1.0 9.0 0.0
0.410882425357 6019905.3216 707923.863566 1.48 0.0 2456307.03805 1.0 9.0 0.0
0.412068242811 6019318.69208 707865.1946 1.48 0.0 2456307.03949 1.0 9.0 0.0
0.413254355342 6019240.18608 707816.954966 1.48 0.0 2456307.04094 1.0 9.0 0.0
0.414440162107 6017746.08923 707686.981427 1.48 0.0 2456307.04239 1.0 9.0 0.0
0.415625969636 6019003.97346 707835.011965 1.48 0.0 2456307.04383 1.0 9.0 0.0
0.416811770675 6018597.19564 707817.686303 1.48 0.0 2456307.04528 1.0 9.0 0.0
0.417997872518 6017721.02943 707633.216099 1.48 0.0 2456307.04673 1.0 9.0 0.0
0.419183673176 6016328.70715 707460.89469 1.48 0.0 2456307.04817 1.0 9.0 0.0
0.420369467344 6017197.93584 707580.029342 1.48 0.0 2456307.04962 1.0 9.0 0.0
0.452303218394 6006301.2301 706294.150232 1.48 0.0 2456307.08858 1.0 9.0 0.0
0.453489058752 6011049.41174 706868.636365 1.48 0.0 2456307.09002 1.0 9.0 0.0
0.454674899109 6011230.5479 706908.949788 1.48 0.0 2456307.09147 1.0 9.0 0.0
0.455860729923 6010270.89423 706782.411829 1.48 0.0 2456307.09291 1.0 9.0 0.0
0.457046870702 6008793.78485 706640.351658 1.48 0.0 2456307.09436 1.0 9.0 0.0
0.458232706479 6005984.30334 706291.514667 1.48 0.0 2456307.09581 1.0 9.0 0.0
0.459418532331 6005283.60419 706273.856233 1.48 0.0 2456307.09726 1.0 9.0 0.0
0.460604363527 6003736.62052 706047.421458 1.48 0.0 2456307.0987 1.0 9.0 0.0
0.461790495908 6002224.29376 705871.77392 1.48 0.0 2456307.10015 1.0 9.0 0.0
0.462976313362 6003824.80543 706069.230917 1.48 0.0 2456307.1016 1.0 9.0 0.0
0.464162136542 6003258.356 705987.096659 1.48 0.0 2456307.10304 1.0 9.0 0.0
0.465347956286 6004381.13254 706143.212442 1.48 0.0 2456307.10449 1.0 9.0 0.0
0.466534072253 6003756.37153 706044.518479 1.48 0.0 2456307.10594 1.0 9.0 0.0
0.46771988169 6003674.46263 706046.162136 1.48 0.0 2456307.10738 1.0 9.0 0.0
0.468905692273 6005723.73674 706299.278065 1.48 0.0 2456307.10883 1.0 9.0 0.0
0.470091496366 6005907.26955 706323.033575 1.48 0.0 2456307.11027 1.0 9.0 0.0
0.471277600499 6007068.95602 706446.447299 1.48 0.0 2456307.11172 1.0 9.0 0.0
0.472463403065 6008429.34574 706615.161202 1.48 0.0 2456307.11317 1.0 9.0 0.0
0.473649199524 6007774.72131 706507.258207 1.48 0.0 2456307.11461 1.0 9.0 0.0
0.474834994074 6008204.06984 706582.785227 1.48 0.0 2456307.11606 1.0 9.0 0.0
0.476021094771 6010051.12846 706754.617347 1.48 0.0 2456307.11751 1.0 9.0 0.0
0.477206886649 6007900.0569 706538.046774 1.48 0.0 2456307.11895 1.0 9.0 0.0
0.478392829692 6010655.40509 706900.895973 1.48 0.0 2456307.1204 1.0 9.0 0.0
0.479578473077 6009398.80657 706698.046801 1.48 0.0 2456307.12185 1.0 9.0 0.0
0.480764567667 6010183.24922 706793.30368 1.48 0.0 2456307.12329 1.0 9.0 0.0
-0.49322169025 5993791.85908 704799.540962 1.48 0.0 2456307.15503 1.0 9.0 0.0
-0.492036001439 6001920.84356 705748.740629 1.48 0.0 2456307.15647 1.0 9.0 0.0
-0.490849862568 6003999.60349 706040.15957 1.48 0.0 2456307.15792 1.0 9.0 0.0
-0.489664027937 6003943.41754 706053.089835 1.48 0.0 2456307.15937 1.0 9.0 0.0
-0.488478038704 6005012.45271 706236.308015 1.48 0.0 2456307.16081 1.0 9.0 0.0
-0.487292358674 6006142.00486 706330.007994 1.48 0.0 2456307.16226 1.0 9.0 0.0
-0.486106225529 6009746.08023 706787.329564 1.48 0.0 2456307.16371 1.0 9.0 0.0
-0.484920394333 6009364.32845 706730.810012 1.48 0.0 2456307.16515 1.0 9.0 0.0
-0.483734418079 6009427.64996 706675.259513 1.48 0.0 2456307.1666 1.0 9.0 0.0
-0.482548747973 6010780.86626 706905.363632 1.48 0.0 2456307.16805 1.0 9.0 0.0
-0.4813626217 6013182.33568 707163.564141 1.48 0.0 2456307.16949 1.0 9.0 0.0
-0.480176801956 6012898.21132 707060.52585 1.48 0.0 2456307.17094 1.0 9.0 0.0
-0.478990841735 6013108.8602 707074.928467 1.48 0.0 2456307.17239 1.0 9.0 0.0
-0.476619065969 6013317.72922 707130.534877 1.48 0.0 2456307.17528 1.0 9.0 0.0
-0.474247309671 6013665.25745 707161.767523 1.48 0.0 2456307.17817 1.0 9.0 0.0
-0.470689764168 6010002.58234 706762.771668 1.48 0.0 2456307.18251 1.0 9.0 0.0
-0.468318179267 6010871.73201 706886.302526 1.48 0.0 2456307.18541 1.0 9.0 0.0
-0.46713208086 6009306.67871 706725.514165 1.48 0.0 2456307.18685 1.0 9.0 0.0
-0.465946285165 6007894.25788 706547.424116 1.48 0.0 2456307.1883 1.0 9.0 0.0
-0.464760346321 6007209.97445 706430.971554 1.48 0.0 2456307.18975 1.0 9.0 0.0
-0.438756315066 5996182.47778 705079.171472 1.48 0.0 2456307.22147 1.0 9.0 0.0
-0.437570175432 6003890.46395 706055.825425 1.48 0.0 2456307.22292 1.0 9.0 0.0
-0.436384340037 6006525.9943 706413.838391 1.48 0.0 2456307.22436 1.0 9.0 0.0
-0.43519834966 6008757.39438 706642.079742 1.48 0.0 2456307.22581 1.0 9.0 0.0
-0.43401266772 6007469.44254 706497.43574 1.48 0.0 2456307.22726 1.0 9.0 0.0
-0.432826533049 6010289.81198 706829.696603 1.48 0.0 2456307.2287 1.0 9.0 0.0
-0.431640699562 6010332.63591 706858.933505 1.48 0.0 2456307.23015 1.0 9.0 0.0
-0.430454720637 6010822.08386 706838.000378 1.48 0.0 2456307.2316 1.0 9.0 0.0
-0.429269047859 6012720.95661 707131.437259 1.48 0.0 2456307.23304 1.0 9.0 0.0
-0.428082918531 6012648.26666 707076.090958 1.48 0.0 2456307.23449 1.0 9.0 0.0
-0.426897095733 6012758.11818 707109.516318 1.48 0.0 2456307.23594 1.0 9.0 0.0
-0.425711132459 6013189.23493 707135.554937 1.48 0.0 2456307.23738 1.0 9.0 0.0
-0.424525467315 6013621.07563 707206.030738 1.48 0.0 2456307.23883 1.0 9.0 0.0
-0.423339350585 6014523.02428 707259.807641 1.48 0.0 2456307.24028 1.0 9.0 0.0
-0.422153548019 6013676.15943 707154.860753 1.48 0.0 2456307.24172 1.0 9.0 0.0
-0.420967588562 6011906.61583 706937.350684 1.48 0.0 2456307.24317 1.0 9.0 0.0
-0.419781935252 6011606.3163 706953.772206 1.48 0.0 2456307.24461 1.0 9.0 0.0
-0.418595837226 6012022.89366 706971.52074 1.48 0.0 2456307.24606 1.0 9.0 0.0
-0.41741003695 6013598.23144 707221.378344 1.48 0.0 2456307.24751 1.0 9.0 0.0
-0.416224086654 6010972.73012 706841.503993 1.48 0.0 2456307.24895 1.0 9.0 0.0
0.318950816244 5984918.43279 703770.286116 1.48 0.0 2456256.9112 0.0 4.0 0.0
0.320136860827 6005927.15553 706238.946756 1.48 0.0 2456256.91264 0.0 4.0 0.0
0.321322755008 6013794.77831 707112.8624 1.48 0.0 2456256.91409 0.0 4.0 0.0
0.322508795011 6019827.52736 707823.737417 1.48 0.0 2456256.91554 0.0 4.0 0.0
0.323694680794 6023629.14199 708257.527881 1.48 0.0 2456256.91698 0.0 4.0 0.0
0.324880720415 6024354.0946 708337.41456 1.48 0.0 2456256.91843 0.0 4.0 0.0
0.326066601236 6026121.70035 708484.747549 1.48 0.0 2456256.91988 0.0 4.0 0.0
0.327252632077 6026597.82506 708537.674546 1.48 0.0 2456256.92132 0.0 4.0 0.0
0.328438512897 6028360.27547 708764.810689 1.48 0.0 2456256.92277 0.0 4.0 0.0
0.329624539158 6027838.22576 708661.685436 1.48 0.0 2456256.92422 0.0 4.0 0.0
0.330810411581 6029068.84557 708802.991009 1.48 0.0 2456256.92566 0.0 4.0 0.0
0.331996438986 6028704.73868 708743.651021 1.48 0.0 2456256.92711 0.0 4.0 0.0
0.333182308355 6027907.08563 708678.997415 1.48 0.0 2456256.92856 0.0 4.0 0.0
0.334368328507 6029639.50073 708911.237908 1.48 0.0 2456256.93 0.0 4.0 0.0
0.335554200167 6029292.4935 708837.249278 1.48 0.0 2456256.93145 0.0 4.0 0.0
0.336740222991 6027844.64588 708681.008943 1.48 0.0 2456256.9329 0.0 4.0 0.0
0.337926085489 6028537.39833 708770.707477 1.48 0.0 2456256.93434 0.0 4.0 0.0
0.339112108314 6027538.07 708627.412787 1.48 0.0 2456256.93579 0.0 4.0 0.0
0.34029797921 6026749.71734 708562.975888 1.48 0.0 2456256.93724 0.0 4.0 0.0
0.364766831063 6006579.76081 706181.315597 1.48 0.0 2456256.96709 0.0 4.0 0.0
0.365952731734 6013431.9641 706983.551949 1.48 0.0 2456256.96853 0.0 4.0 0.0
0.367138787769 6015433.6606 707229.724111 1.48 0.0 2456256.96998 0.0 4.0 0.0
0.368324692257 6017632.24555 707493.29129 1.48 0.0 2456256.97143 0.0 4.0 0.0
0.369510739131 6020376.81578 707797.45156 1.48 0.0 2456256.97287 0.0 4.0 0.0
0.370696640947 6019299.33735 707646.810599 1.48 0.0 2456256.97432 0.0 4.0 0.0
0.371882693165 6019714.35312 707749.044988 1.48 0.0 2456256.97577 0.0 4.0 0.0
0.37306858391 6021709.40496 707947.368936 1.48 0.0 2456256.97721 0.0 4.0 0.0
0.374254632311 6021873.21192 707991.43018 1.48 0.0 2456256.97866 0.0 4.0 0.0
0.375440527638 6022811.77199 708098.354845 1.48 0.0 2456256.98011 0.0 4.0 0.0
0.378998494571 6019551.11593 707703.980715 1.48 0.0 2456256.98445 0.0 4.0 0.0
0.380184372338 6021236.80043 707906.150987 1.48 0.0 2456256.98589 0.0 4.0 0.0
0.381370407378 6020072.4287 707767.354358 1.48 0.0 2456256.98734 0.0 4.0 0.0
0.382556288962 6018118.47174 707525.565108 1.48 0.0 2456256.98879 0.0 4.0 0.0
0.383742311787 6018105.16841 707494.773457 1.48 0.0 2456256.99023 0.0 4.0 0.0
0.384928189172 6015548.01034 707170.891149 1.48 0.0 2456256.99168 0.0 4.0 0.0
0.386114216578 6015350.67504 707194.333534 1.48 0.0 2456256.99313 0.0 4.0 0.0
0.387300082511 6015874.07472 707274.705345 1.48 0.0 2456256.99457 0.0 4.0 0.0
0.388486106863 6015779.24574 707289.461883 1.48 0.0 2456256.99602 0.0 4.0 0.0
0.389671978904 6015300.72998 707212.621037 1.48 0.0 2456256.99747 0.0 4.0 0.0
0.390857997529 6016535.39766 707363.014759 1.48 0.0 2456256.99891 0.0 4.0 0.0
0.392043864226 6015233.07032 707205.272494 1.48 0.0 2456257.00036 0.0 4.0 0.0
0.393229886669 6016480.41629 707352.751081 1.48 0.0 2456257.00181 0.0 4.0 0.0
0.394415753366 6016171.34913 707330.123794 1.48 0.0 2456257.00325 0.0 4.0 0.0
0.395601772755 6017869.85144 707553.635505 1.48 0.0 2456257.0047 0.0 4.0 0.0
0.419264110474 6012569.15416 706817.515784 1.48 0.0 2456257.03357 0.0 4.0 0.0
0.420450006946 6016039.12819 707259.573594 1.48 0.0 2456257.03501 0.0 4.0 0.0
0.422821967088 6019629.45146 707713.747463 1.48 0.0 2456257.03791 0.0 4.0 0.0
0.424008017779 6018580.5243 707617.439954 1.48 0.0 2456257.03935 0.0 4.0 0.0
0.426379967232 6020647.47749 707824.567298 1.48 0.0 2456257.04225 0.0 4.0 0.0
0.427565862177 6019500.48594 707697.781191 1.48 0.0 2456257.04369 0.0 4.0 0.0
0.42875190676 6021730.26046 707924.253165 1.48 0.0 2456257.04514 0.0 4.0 0.0
0.429937801323 6019412.70854 707687.427169 1.48 0.0 2456257.04659 0.0 4.0 0.0
0.431123841325 6019762.39952 707690.88391 1.48 0.0 2456257.04803 0.0 4.0 0.0
0.432309728254 6019070.90106 707635.232557 1.48 0.0 2456257.04948 0.0 4.0 0.0
0.433495767875 6019853.61128 707775.668695 1.48 0.0 2456257.05093 0.0 4.0 0.0
0.434681649841 6015834.30701 707247.268928 1.48 0.0 2456257.05237 0.0 4.0 0.0
0.435867680682 6017111.40709 707423.756117 1.48 0.0 2456257.05382 0.0 4.0 0.0
0.437053562266 6017176.2597 707394.062808 1.48 0.0 2456257.05527 0.0 4.0 0.0
0.438239588908 6019726.06364 707688.620112 1.48 0.0 2456257.05671 0.0 4.0 0.0
0.439425462476 6017209.79858 707432.155554 1.48 0.0 2456257.05816 0.0 4.0 0.0
0.4406114895 6016200.4884 707319.958615 1.48 0.0 2456257.05961 0.0 4.0 0.0
0.441797359632 6013952.70837 707035.278708 1.48 0.0 2456257.06105 0.0 4.0 0.0
0.442983379785 6016204.61427 707317.765718 1.48 0.0 2456257.0625 0.0 4.0 0.0
0.444169251826 6017349.97834 707436.026758 1.48 0.0 2456257.06395 0.0 4.0 0.0
0.44535527465 6015909.22387 707253.615204 1.48 0.0 2456257.06539 0.0 4.0 0.0
0.446541137148 6015528.87904 707218.092602 1.48 0.0 2456257.06684 0.0 4.0 0.0
0.447727159591 6018361.05883 707567.03679 1.48 0.0 2456257.06829 0.0 4.0 0.0
0.448913030487 6017593.46512 707450.156388 1.48 0.0 2456257.06973 0.0 4.0 0.0
0.473751817625 5999061.59487 705176.654837 1.48 0.0 2456257.10003 0.0 4.0 0.0
0.474937865644 6004642.72755 705965.225947 1.48 0.0 2456257.10148 0.0 4.0 0.0
0.477309825403 6004812.295 705969.143432 1.48 0.0 2456257.10437 0.0 4.0 0.0
0.478495719967 6006788.85778 706227.240687 1.48 0.0 2456257.10582 0.0 4.0 0.0
0.47968177333 6005385.43346 706117.889341 1.48 0.0 2456257.10727 0.0 4.0 0.0
0.480867673619 6006677.11588 706230.450938 1.48 0.0 2456257.10871 0.0 4.0 0.0
0.482053719729 6006572.82603 706174.69158 1.48 0.0 2456257.11016 0.0 4.0 0.0
0.483239612383 6005884.91769 706095.030875 1.48 0.0 2456257.11161 0.0 4.0 0.0
0.484425658875 6006723.73856 706165.428874 1.48 0.0 2456257.11305 0.0 4.0 0.0
0.485611547331 6005821.63658 706077.428654 1.48 0.0 2456257.1145 0.0 4.0 0.0
0.486797585424 6010856.58135 706686.976838 1.48 0.0 2456257.11595 0.0 4.0 0.0
0.487983473498 6010457.14909 706668.32729 1.48 0.0 2456257.11739 0.0 4.0 0.0
0.489169507011 6011071.17109 706695.070511 1.48 0.0 2456257.11884 0.0 4.0 0.0
0.490355385924 6013205.22029 706946.050346 1.48 0.0 2456257.12029 0.0 4.0 0.0
0.491541419437 6012784.38946 706939.849481 1.48 0.0 2456257.12173 0.0 4.0 0.0
0.49272729415 6013645.83438 707006.076634 1.48 0.0 2456257.12318 0.0 4.0 0.0
0.493913319265 6014657.1559 707145.371584 1.48 0.0 2456257.12463 0.0 4.0 0.0
0.495099194741 6014804.68263 707121.040643 1.48 0.0 2456257.12607 0.0 4.0 0.0
0.496285216421 6016743.16381 707375.470005 1.48 0.0 2456257.12752 0.0 4.0 0.0
0.497471085027 6016768.89349 707376.193749 1.48 0.0 2456257.12897 0.0 4.0 0.0
0.499842975693 6016752.11674 707396.535379 1.48 0.0 2456257.13186 0.0 4.0 0.0
-0.496599113106 6014870.15447 707131.892059 1.48 0.0 2456257.1362 0.0 4.0 0.0
-0.471750918233 6001478.37601 705555.427298 1.48 0.0 2456257.16651 0.0 4.0 0.0
-0.468192911218 6012101.8677 706834.346073 1.48 0.0 2456257.17085 0.0 4.0 0.0
-0.467007012455 6013557.3654 706999.186686 1.48 0.0 2456257.1723 0.0 4.0 0.0
-0.465820963673 6016356.37051 707343.929899 1.48 0.0 2456257.17375 0.0 4.0 0.0
-0.464635063766 6016469.39207 707341.335845 1.48 0.0 2456257.17519 0.0 4.0 0.0
-0.463449013457 6016571.19513 707294.838664 1.48 0.0 2456257.17664 0.0 4.0 0.0
-0.46226312462 6020414.09191 707796.453569 1.48 0.0 2456257.17809 0.0 4.0 0.0
-0.46107707851 6021166.22195 707869.874694 1.48 0.0 2456257.17953 0.0 4.0 0.0
-0.459891186237 6020623.67024 707812.705126 1.48 0.0 2456257.18098 0.0 4.0 0.0
-0.458705152342 6022733.22523 708068.962846 1.48 0.0 2456257.18243 0.0 4.0 0.0
-0.45751926465 6021736.39951 707979.117036 1.48 0.0 2456257.18387 0.0 4.0 0.0
-0.456333226938 6024390.47752 708244.356905 1.48 0.0 2456257.18532 0.0 4.0 0.0
-0.455147351843 6022704.69603 708021.616412 1.48 0.0 2456257.18677 0.0 4.0 0.0
-0.453961319093 6024098.78355 708203.997724 1.48 0.0 2456257.18821 0.0 4.0 0.0
-0.452775439799 6023597.69482 708140.432508 1.48 0.0 2456257.18966 0.0 4.0 0.0
-0.451589419265 6022238.45156 707988.033194 1.48 0.0 2456257.19111 0.0 4.0 0.0
-0.450403543789 6025445.08689 708409.538093 1.48 0.0 2456257.19255 0.0 4.0 0.0
