817533234.3006768
817729115.4285806
818091322.798569
818319509.9670657
818246234.1924969
818619480.5689414
818657606.384374
818706448.6027436
818738219.8272616
818511785.2245634
818500454.5428365
818497917.256758
818326935.982117
818185277.2753303
817890288.4408883
817908861.342181
817888014.6017978
817946491.101987
817811013.9615273
817864816.3306195
817916573.3299104
817937870.7109491
817996872.7766074
818247911.6486894
818092583.8476409
818438410.6819714
818545861.1405057
818565606.9359223
818617522.4351212
818447991.9523553
818378690.8288267
818494164.0499007
818200514.1140581
818339251.339452
818178459.569776
818191772.4842453
818095612.6724216
818084105.3222014
817978768.8663514
817968211.6036029
818027065.5509005
818108683.1889317
818306182.772928
818297849.7674721
818516052.8132714
818792621.1199048
818983168.8942077
817483052.103
817622466.786
817742539.364
817734017.982
817652109.412
817820497.007
817742898.24
817814164.241
817982421.318
818265788.601
818278806.925
818395374.403
818683889.765
818803375.838
818931981.523
818989839.277
819047743.593
819066725.803
819221213.933
819177981.742
818952402.764
818263598.574695
818236243.9902574
818433222.7184117
818419427.8741933
818446116.7534053
818696052.8182437
818749841.2073566
818792866.7843655
819022291.4803634
819104691.349004
819120497.9655234
819019667.9601783
819098076.1559045
819071853.6028411
818912837.9445077
818905968.7398185
