#time 		photoelectrons 	error 		visit 	orbit 	scan 	wave_center 	wave_start 	wave_end
0.345126933741 7374866.013314322 1386839.7616912331 1.1875 0.0 2456306.95783 1.0 9.0 0.0
0.34631307681 7417543.0272541735 1395414.8800197719 1.1875 0.0 2456306.95928 1.0 9.0 0.0
0.347498911442 7432195.913649599 1398149.5461959527 1.1875 0.0 2456306.96073 1.0 9.0 0.0
0.348684744547 7440215.203568392 1399640.1739112749 1.1875 0.0 2456306.96217 1.0 9.0 0.0
0.34987057956 7447977.2933037635 1401010.6977715357 1.1875 0.0 2456306.96362 1.0 9.0 0.0
0.35105671156 7454163.629377769 1402291.3679897543 1.1875 0.0 2456306.96507 1.0 9.0 0.0
0.352242537411 7461010.740988803 1403690.1942326059 1.1875 0.0 2456306.96651 1.0 9.0 0.0
0.353428365554 7460720.392173231 1403556.8227892981 1.1875 0.0 2456306.96796 1.0 9.0 0.0
0.354614185679 7461414.604559202 1403417.5338584234 1.1875 0.0 2456306.96941 1.0 9.0 0.0
0.355800306609 7463704.600115189 1404112.607626736 1.1875 0.0 2456306.97085 1.0 9.0 0.0
0.356986124826 7467232.764224945 1404703.3075365091 1.1875 0.0 2456306.9723 1.0 9.0 0.0
0.358171936172 7466747.496376193 1404835.2434879076 1.1875 0.0 2456306.97375 1.0 9.0 0.0
0.359357744464 7467099.503287116 1404765.3201348188 1.1875 0.0 2456306.97519 1.0 9.0 0.0
0.360543856995 7463736.58487081 1403829.5940785867 1.1875 0.0 2456306.97664 1.0 9.0 0.0
0.36172965918 7465788.390635088 1404632.6846832864 1.1875 0.0 2456306.97809 1.0 9.0 0.0
0.362915459074 7463389.84283226 1404035.3271532152 1.1875 0.0 2456306.97953 1.0 9.0 0.0
0.364101260495 7463387.171159578 1403910.3546663357 1.1875 0.0 2456306.98098 1.0 9.0 0.0
0.365287363483 7461860.082799513 1403685.885653812 1.1875 0.0 2456306.98243 1.0 9.0 0.0
0.366473152689 7460005.789275214 1403203.305197217 1.1875 0.0 2456306.98387 1.0 9.0 0.0
0.367658949147 7462138.5323467245 1404032.548597682 1.1875 0.0 2456306.98532 1.0 9.0 0.0
0.368844745224 7459924.022995474 1403356.1300872467 1.1875 0.0 2456306.98677 1.0 9.0 0.0
0.370030835233 7457888.979304731 1402817.697677125 1.1875 0.0 2456306.98821 1.0 9.0 0.0
0.371216630547 7461739.578361873 1403869.4411953918 1.1875 0.0 2456306.98966 1.0 9.0 0.0
0.37240242586 7459145.689922973 1403193.2598658635 1.1875 0.0 2456306.99111 1.0 9.0 0.0
0.397837392006 7451589.93146979 1401170.1283818022 1.1875 0.0 2456307.02213 1.0 9.0 0.0
0.399023527822 7465117.274411485 1404240.3701673376 1.1875 0.0 2456307.02358 1.0 9.0 0.0
0.400209367798 7468046.653921019 1404928.5630538214 1.1875 0.0 2456307.02503 1.0 9.0 0.0
0.401395206629 7472096.944692257 1405628.5282730975 1.1875 0.0 2456307.02647 1.0 9.0 0.0
0.402581036298 7471577.068290308 1405634.7991040514 1.1875 0.0 2456307.02792 1.0 9.0 0.0
0.403767175932 7471553.827617233 1405418.4822230702 1.1875 0.0 2456307.02937 1.0 9.0 0.0
0.40613883298 7473697.21611697 1406017.0407040545 1.1875 0.0 2456307.03226 1.0 9.0 0.0
0.407324661885 7471558.5977425845 1405423.2532943983 1.1875 0.0 2456307.03371 1.0 9.0 0.0
0.409696605613 7471305.087105787 1405544.8370669875 1.1875 0.0 2456307.0366 1.0 9.0 0.0
0.410882425357 7470316.062454644 1405191.2690407382 1.1875 0.0 2456307.03805 1.0 9.0 0.0
0.412068242811 7467005.873674898 1404506.0230331572 1.1875 0.0 2456307.03949 1.0 9.0 0.0
0.413254355342 7470392.6464332715 1405384.2990092316 1.1875 0.0 2456307.04094 1.0 9.0 0.0
0.414440162107 7468701.523694366 1404951.7312819168 1.1875 0.0 2456307.04239 1.0 9.0 0.0
0.415625969636 7469780.422376521 1405318.7528731117 1.1875 0.0 2456307.04383 1.0 9.0 0.0
0.416811770675 7464434.773944413 1404115.8189101429 1.1875 0.0 2456307.04528 1.0 9.0 0.0
0.417997872518 7468213.997889163 1404885.0801472266 1.1875 0.0 2456307.04673 1.0 9.0 0.0
0.419183673176 7467980.560888428 1404969.1099310706 1.1875 0.0 2456307.04817 1.0 9.0 0.0
0.420369467344 7467163.5161125325 1404749.6828095345 1.1875 0.0 2456307.04962 1.0 9.0 0.0
0.452303218394 7451439.637017272 1401082.0264839458 1.1875 0.0 2456307.08858 1.0 9.0 0.0
0.453489058752 7462611.81708303 1403738.2373840604 1.1875 0.0 2456307.09002 1.0 9.0 0.0
0.454674899109 7460796.723374343 1403649.2187264056 1.1875 0.0 2456307.09147 1.0 9.0 0.0
0.455860729923 7461008.867769527 1403559.4892477787 1.1875 0.0 2456307.09291 1.0 9.0 0.0
0.457046870702 7458025.195663921 1403031.3176674934 1.1875 0.0 2456307.09436 1.0 9.0 0.0
0.458232706479 7456613.59878565 1402743.9526493237 1.1875 0.0 2456307.09581 1.0 9.0 0.0
0.459418532331 7455045.938372195 1402609.5594813623 1.1875 0.0 2456307.09726 1.0 9.0 0.0
0.460604363527 7451633.475271937 1401892.0210555412 1.1875 0.0 2456307.0987 1.0 9.0 0.0
0.461790495908 7452172.464325601 1401894.3988120363 1.1875 0.0 2456307.10015 1.0 9.0 0.0
0.462976313362 7452003.358454615 1401776.145175933 1.1875 0.0 2456307.1016 1.0 9.0 0.0
0.464162136542 7450771.19415441 1401659.2295745057 1.1875 0.0 2456307.10304 1.0 9.0 0.0
0.465347956286 7453203.803568323 1402182.3395620796 1.1875 0.0 2456307.10449 1.0 9.0 0.0
0.466534072253 7452746.998240549 1402162.203832424 1.1875 0.0 2456307.10594 1.0 9.0 0.0
0.46771988169 7453132.435920112 1402128.0942063767 1.1875 0.0 2456307.10738 1.0 9.0 0.0
0.468905692273 7454792.800624541 1402523.7408240708 1.1875 0.0 2456307.10883 1.0 9.0 0.0
0.470091496366 7454353.596585086 1402305.3106635138 1.1875 0.0 2456307.11027 1.0 9.0 0.0
0.471277600499 7455649.124726781 1402636.5697217577 1.1875 0.0 2456307.11172 1.0 9.0 0.0
0.472463403065 7459681.22428355 1403570.9376861185 1.1875 0.0 2456307.11317 1.0 9.0 0.0
0.473649199524 7458902.033712025 1403138.414211429 1.1875 0.0 2456307.11461 1.0 9.0 0.0
0.474834994074 7460867.922197115 1403409.8186786592 1.1875 0.0 2456307.11606 1.0 9.0 0.0
0.476021094771 7458284.857259483 1403147.8926987133 1.1875 0.0 2456307.11751 1.0 9.0 0.0
0.477206886649 7459051.366400056 1403134.3748127753 1.1875 0.0 2456307.11895 1.0 9.0 0.0
0.478392829692 7460823.48993596 1403677.7258131816 1.1875 0.0 2456307.1204 1.0 9.0 0.0
0.479578473077 7458113.447257178 1403024.2461146405 1.1875 0.0 2456307.12185 1.0 9.0 0.0
0.480764567667 7461479.888478736 1403916.5245631412 1.1875 0.0 2456307.12329 1.0 9.0 0.0
-0.49322169025 7436409.740695902 1398163.0059915527 1.1875 0.0 2456307.15503 1.0 9.0 0.0
-0.492036001439 7449351.085505683 1401212.3457247568 1.1875 0.0 2456307.15647 1.0 9.0 0.0
-0.490849862568 7453830.153849736 1402334.4002361577 1.1875 0.0 2456307.15792 1.0 9.0 0.0
-0.489664027937 7453798.467146471 1402226.0840470437 1.1875 0.0 2456307.15937 1.0 9.0 0.0
-0.488478038704 7452754.274843838 1402081.5010613757 1.1875 0.0 2456307.16081 1.0 9.0 0.0
-0.487292358674 7456090.1965394225 1402578.8651786367 1.1875 0.0 2456307.16226 1.0 9.0 0.0
-0.486106225529 7459038.116705915 1403150.871989602 1.1875 0.0 2456307.16371 1.0 9.0 0.0
-0.484920394333 7460821.384010353 1403744.3110630345 1.1875 0.0 2456307.16515 1.0 9.0 0.0
-0.483734418079 7461781.964329259 1403544.64177355 1.1875 0.0 2456307.1666 1.0 9.0 0.0
-0.482548747973 7463293.625233763 1404048.1833145763 1.1875 0.0 2456307.16805 1.0 9.0 0.0
-0.4813626217 7464534.276515588 1404404.3792306315 1.1875 0.0 2456307.16949 1.0 9.0 0.0
-0.480176801956 7462465.305110496 1403781.0633527492 1.1875 0.0 2456307.17094 1.0 9.0 0.0
-0.478990841735 7465083.387592901 1404278.509939689 1.1875 0.0 2456307.17239 1.0 9.0 0.0
-0.476619065969 7464588.581044752 1404130.7664351258 1.1875 0.0 2456307.17528 1.0 9.0 0.0
-0.474247309671 7462376.76829345 1403828.9057509727 1.1875 0.0 2456307.17817 1.0 9.0 0.0
-0.470689764168 7461300.092121656 1403663.0914003614 1.1875 0.0 2456307.18251 1.0 9.0 0.0
-0.468318179267 7458432.670322839 1403331.7200868898 1.1875 0.0 2456307.18541 1.0 9.0 0.0
-0.46713208086 7455482.392964433 1402682.5835001734 1.1875 0.0 2456307.18685 1.0 9.0 0.0
-0.465946285165 7453179.521518727 1402036.0455444409 1.1875 0.0 2456307.1883 1.0 9.0 0.0
-0.464760346321 7452848.8388400115 1402063.4834124635 1.1875 0.0 2456307.18975 1.0 9.0 0.0
-0.438756315066 7436151.536561787 1398170.0586460617 1.1875 0.0 2456307.22147 1.0 9.0 0.0
-0.437570175432 7445743.988265444 1400438.66600753 1.1875 0.0 2456307.22292 1.0 9.0 0.0
-0.436384340037 7450988.2827721955 1401755.2711547678 1.1875 0.0 2456307.22436 1.0 9.0 0.0
-0.43519834966 7453131.040522731 1402228.2359066857 1.1875 0.0 2456307.22581 1.0 9.0 0.0
-0.43401266772 7451858.182447354 1401984.4356003806 1.1875 0.0 2456307.22726 1.0 9.0 0.0
-0.432826533049 7454725.016016494 1402340.1524459857 1.1875 0.0 2456307.2287 1.0 9.0 0.0
-0.431640699562 7457772.766878906 1403196.2211540616 1.1875 0.0 2456307.23015 1.0 9.0 0.0
-0.430454720637 7456388.3314839145 1402579.4716235858 1.1875 0.0 2456307.2316 1.0 9.0 0.0
-0.429269047859 7456261.153214655 1402755.9739926164 1.1875 0.0 2456307.23304 1.0 9.0 0.0
-0.428082918531 7459274.758451395 1403269.9666023278 1.1875 0.0 2456307.23449 1.0 9.0 0.0
-0.426897095733 7459566.811690111 1403442.285077357 1.1875 0.0 2456307.23594 1.0 9.0 0.0
-0.425711132459 7460176.019631876 1403442.2813180562 1.1875 0.0 2456307.23738 1.0 9.0 0.0
-0.424525467315 7459302.818492834 1403326.5342496731 1.1875 0.0 2456307.23883 1.0 9.0 0.0
-0.423339350585 7459068.16301816 1403050.419070668 1.1875 0.0 2456307.24028 1.0 9.0 0.0
-0.422153548019 7457128.53233751 1402741.229760116 1.1875 0.0 2456307.24172 1.0 9.0 0.0
-0.420967588562 7459486.523282905 1403367.1208472843 1.1875 0.0 2456307.24317 1.0 9.0 0.0
-0.419781935252 7459522.465606852 1403379.6020900197 1.1875 0.0 2456307.24461 1.0 9.0 0.0
-0.418595837226 7456015.461479575 1402515.2571972434 1.1875 0.0 2456307.24606 1.0 9.0 0.0
-0.41741003695 7458277.887804571 1403175.482114668 1.1875 0.0 2456307.24751 1.0 9.0 0.0
-0.416224086654 7456751.997673683 1402800.8849398228 1.1875 0.0 2456307.24895 1.0 9.0 0.0
0.318950816244 7426588.967960067 1396981.956513509 1.1875 0.0 2456256.9112 0.0 4.0 0.0
0.320136860827 7449904.427431442 1401518.057663493 1.1875 0.0 2456256.91264 0.0 4.0 0.0
0.321322755008 7457518.324181782 1402879.007482235 1.1875 0.0 2456256.91409 0.0 4.0 0.0
0.322508795011 7462306.333376331 1403872.5785760926 1.1875 0.0 2456256.91554 0.0 4.0 0.0
0.323694680794 7466787.5090213325 1404757.8162363332 1.1875 0.0 2456256.91698 0.0 4.0 0.0
0.324880720415 7467659.014254787 1404934.2557550035 1.1875 0.0 2456256.91843 0.0 4.0 0.0
0.326066601236 7469884.62817719 1404964.0395634745 1.1875 0.0 2456256.91988 0.0 4.0 0.0
0.327252632077 7471874.275663914 1405286.7241360703 1.1875 0.0 2456256.92132 0.0 4.0 0.0
0.328438512897 7475257.227240083 1406129.2201677733 1.1875 0.0 2456256.92277 0.0 4.0 0.0
0.329624539158 7472594.305219393 1405382.6334965276 1.1875 0.0 2456256.92422 0.0 4.0 0.0
0.330810411581 7473836.154225059 1405709.2140173565 1.1875 0.0 2456256.92566 0.0 4.0 0.0
0.331996438986 7475781.83954557 1406207.5518393284 1.1875 0.0 2456256.92711 0.0 4.0 0.0
0.333182308355 7476731.4687931985 1406390.565946018 1.1875 0.0 2456256.92856 0.0 4.0 0.0
0.334368328507 7477155.219474482 1406410.1605910286 1.1875 0.0 2456256.93 0.0 4.0 0.0
0.335554200167 7477145.568279641 1406455.8110630943 1.1875 0.0 2456256.93145 0.0 4.0 0.0
0.336740222991 7472413.014355096 1405325.3455244321 1.1875 0.0 2456256.9329 0.0 4.0 0.0
0.337926085489 7478016.5528347045 1406774.3939780463 1.1875 0.0 2456256.93434 0.0 4.0 0.0
0.339112108314 7473647.916662029 1405669.4504635902 1.1875 0.0 2456256.93579 0.0 4.0 0.0
0.34029797921 7473413.125230368 1405747.9223714268 1.1875 0.0 2456256.93724 0.0 4.0 0.0
0.364766831063 7444800.470537381 1399700.3473558913 1.1875 0.0 2456256.96709 0.0 4.0 0.0
0.365952731734 7455813.734915167 1402331.8411738055 1.1875 0.0 2456256.96853 0.0 4.0 0.0
0.367138787769 7458051.406042962 1402658.4499953212 1.1875 0.0 2456256.96998 0.0 4.0 0.0
0.368324692257 7461894.67144958 1403447.5865054382 1.1875 0.0 2456256.97143 0.0 4.0 0.0
0.369510739131 7465425.180307966 1404258.583204584 1.1875 0.0 2456256.97287 0.0 4.0 0.0
0.370696640947 7463163.44758639 1403416.1356746978 1.1875 0.0 2456256.97432 0.0 4.0 0.0
0.371882693165 7469231.359330788 1404926.1010535301 1.1875 0.0 2456256.97577 0.0 4.0 0.0
0.37306858391 7467430.567173355 1404488.5456657642 1.1875 0.0 2456256.97721 0.0 4.0 0.0
0.374254632311 7467973.460215111 1404488.0766589274 1.1875 0.0 2456256.97866 0.0 4.0 0.0
0.375440527638 7470463.222322914 1405124.8273218076 1.1875 0.0 2456256.98011 0.0 4.0 0.0
0.378998494571 7467349.37009811 1404383.4946026118 1.1875 0.0 2456256.98445 0.0 4.0 0.0
0.380184372338 7466289.398310794 1404369.289919725 1.1875 0.0 2456256.98589 0.0 4.0 0.0
0.381370407378 7467395.5572536895 1404798.9622175854 1.1875 0.0 2456256.98734 0.0 4.0 0.0
0.382556288962 7465699.40688401 1404258.9875453764 1.1875 0.0 2456256.98879 0.0 4.0 0.0
0.383742311787 7466473.031887716 1404472.833878482 1.1875 0.0 2456256.99023 0.0 4.0 0.0
0.384928189172 7462674.233383906 1403537.3323369005 1.1875 0.0 2456256.99168 0.0 4.0 0.0
0.386114216578 7463984.538496273 1404046.7771023877 1.1875 0.0 2456256.99313 0.0 4.0 0.0
0.387300082511 7460683.528772216 1403376.7844825506 1.1875 0.0 2456256.99457 0.0 4.0 0.0
0.388486106863 7463213.236099091 1403932.8603338806 1.1875 0.0 2456256.99602 0.0 4.0 0.0
0.389671978904 7459025.500974858 1402910.9646238834 1.1875 0.0 2456256.99747 0.0 4.0 0.0
0.390857997529 7462330.791838899 1403637.7913814923 1.1875 0.0 2456256.99891 0.0 4.0 0.0
0.392043864226 7464634.481254938 1404355.3645457178 1.1875 0.0 2456257.00036 0.0 4.0 0.0
0.393229886669 7462081.994069879 1403422.6517530405 1.1875 0.0 2456257.00181 0.0 4.0 0.0
0.394415753366 7462846.217809337 1403642.9427698683 1.1875 0.0 2456257.00325 0.0 4.0 0.0
0.395601772755 7466754.105556137 1404758.2594731157 1.1875 0.0 2456257.0047 0.0 4.0 0.0
0.419264110474 7453312.954645421 1401154.103172447 1.1875 0.0 2456257.03357 0.0 4.0 0.0
0.420450006946 7465560.231597 1404054.9377615794 1.1875 0.0 2456257.03501 0.0 4.0 0.0
0.422821967088 7468899.8603178095 1404753.1980318334 1.1875 0.0 2456257.03791 0.0 4.0 0.0
0.424008017779 7469691.481810102 1405087.7476420365 1.1875 0.0 2456257.03935 0.0 4.0 0.0
0.426379967232 7470647.493771679 1405141.1769635137 1.1875 0.0 2456257.04225 0.0 4.0 0.0
0.427565862177 7468642.2462654775 1404839.014112617 1.1875 0.0 2456257.04369 0.0 4.0 0.0
0.42875190676 7470167.524414192 1405082.4906080686 1.1875 0.0 2456257.04514 0.0 4.0 0.0
0.429937801323 7467657.768758482 1404616.9029366537 1.1875 0.0 2456257.04659 0.0 4.0 0.0
0.431123841325 7468917.409406253 1405070.3809616563 1.1875 0.0 2456257.04803 0.0 4.0 0.0
0.432309728254 7463503.614114257 1403551.1943367098 1.1875 0.0 2456257.04948 0.0 4.0 0.0
0.433495767875 7466451.580592799 1404394.60756711 1.1875 0.0 2456257.05093 0.0 4.0 0.0
0.434681649841 7466821.987558463 1404570.808567653 1.1875 0.0 2456257.05237 0.0 4.0 0.0
0.435867680682 7466632.296980466 1404582.596538455 1.1875 0.0 2456257.05382 0.0 4.0 0.0
0.437053562266 7466692.464473531 1404447.9940367804 1.1875 0.0 2456257.05527 0.0 4.0 0.0
0.438239588908 7464925.947803244 1404195.3187525666 1.1875 0.0 2456257.05671 0.0 4.0 0.0
0.439425462476 7464411.458294428 1404024.194343117 1.1875 0.0 2456257.05816 0.0 4.0 0.0
0.4406114895 7465016.41205192 1404335.0605882297 1.1875 0.0 2456257.05961 0.0 4.0 0.0
0.441797359632 7464668.144520883 1404016.3087084042 1.1875 0.0 2456257.06105 0.0 4.0 0.0
0.442983379785 7463939.658253455 1403920.5792758095 1.1875 0.0 2456257.0625 0.0 4.0 0.0
0.444169251826 7463774.606122897 1404116.6146336223 1.1875 0.0 2456257.06395 0.0 4.0 0.0
0.44535527465 7460856.495149178 1403043.9471802115 1.1875 0.0 2456257.06539 0.0 4.0 0.0
0.446541137148 7463969.294568911 1403745.5640369353 1.1875 0.0 2456257.06684 0.0 4.0 0.0
0.447727159591 7465122.586523671 1403942.4759610638 1.1875 0.0 2456257.06829 0.0 4.0 0.0
0.448913030487 7465615.239657284 1403996.7202006239 1.1875 0.0 2456257.06973 0.0 4.0 0.0
0.473751817625 7444549.640831291 1399575.7712631987 1.1875 0.0 2456257.10003 0.0 4.0 0.0
0.474937865644 7452174.99200793 1401373.7782554473 1.1875 0.0 2456257.10148 0.0 4.0 0.0
0.477309825403 7455882.134811531 1402330.3168933624 1.1875 0.0 2456257.10437 0.0 4.0 0.0
0.478495719967 7454515.734422572 1402146.6024469088 1.1875 0.0 2456257.10582 0.0 4.0 0.0
0.47968177333 7455338.374522396 1402187.524413979 1.1875 0.0 2456257.10727 0.0 4.0 0.0
0.480867673619 7454584.242709782 1402189.187995475 1.1875 0.0 2456257.10871 0.0 4.0 0.0
0.482053719729 7456401.110922219 1402357.320323254 1.1875 0.0 2456257.11016 0.0 4.0 0.0
0.483239612383 7455217.544068163 1402204.7889544633 1.1875 0.0 2456257.11161 0.0 4.0 0.0
0.484425658875 7455993.396874442 1402308.2333940852 1.1875 0.0 2456257.11305 0.0 4.0 0.0
0.485611547331 7460146.0227133045 1403212.0184162944 1.1875 0.0 2456257.1145 0.0 4.0 0.0
0.486797585424 7459679.001723665 1403296.4192815996 1.1875 0.0 2456257.11595 0.0 4.0 0.0
0.487983473498 7461952.025218126 1403467.1068268402 1.1875 0.0 2456257.11739 0.0 4.0 0.0
0.489169507011 7462452.832403223 1403364.9935055836 1.1875 0.0 2456257.11884 0.0 4.0 0.0
0.490355385924 7465161.909051642 1404018.3054980054 1.1875 0.0 2456257.12029 0.0 4.0 0.0
0.491541419437 7467115.593408282 1404443.690224119 1.1875 0.0 2456257.12173 0.0 4.0 0.0
0.49272729415 7470022.40638494 1404979.5100134541 1.1875 0.0 2456257.12318 0.0 4.0 0.0
0.493913319265 7469316.761534694 1404881.3173890882 1.1875 0.0 2456257.12463 0.0 4.0 0.0
0.495099194741 7470036.346336522 1404859.3964136257 1.1875 0.0 2456257.12607 0.0 4.0 0.0
0.496285216421 7468437.011684973 1404548.4299700593 1.1875 0.0 2456257.12752 0.0 4.0 0.0
0.497471085027 7472294.862726603 1405365.2389401689 1.1875 0.0 2456257.12897 0.0 4.0 0.0
0.499842975693 7472288.793366393 1405604.0049853628 1.1875 0.0 2456257.13186 0.0 4.0 0.0
-0.496599113106 7469744.73588257 1404947.1890847397 1.1875 0.0 2456257.1362 0.0 4.0 0.0
-0.471750918233 7444249.320569191 1399591.2131556738 1.1875 0.0 2456257.16651 0.0 4.0 0.0
-0.468192911218 7464832.822876744 1404029.7675506698 1.1875 0.0 2456257.17085 0.0 4.0 0.0
-0.467007012455 7465624.787064055 1403914.386238257 1.1875 0.0 2456257.1723 0.0 4.0 0.0
-0.465820963673 7470098.240072138 1405168.9088058183 1.1875 0.0 2456257.17375 0.0 4.0 0.0
-0.464635063766 7470557.133231556 1405080.77434003 1.1875 0.0 2456257.17519 0.0 4.0 0.0
-0.463449013457 7474856.679828069 1405888.3167699135 1.1875 0.0 2456257.17664 0.0 4.0 0.0
-0.46226312462 7474054.402376306 1405848.7265259428 1.1875 0.0 2456257.17809 0.0 4.0 0.0
-0.46107707851 7477977.428598273 1406591.700375528 1.1875 0.0 2456257.17953 0.0 4.0 0.0
-0.459891186237 7475417.84534254 1405945.4108614018 1.1875 0.0 2456257.18098 0.0 4.0 0.0
-0.458705152342 7479991.055791025 1407033.193463814 1.1875 0.0 2456257.18243 0.0 4.0 0.0
-0.45751926465 7477510.4877801575 1406500.6389673667 1.1875 0.0 2456257.18387 0.0 4.0 0.0
-0.456333226938 7478978.653023427 1406613.9243961195 1.1875 0.0 2456257.18532 0.0 4.0 0.0
-0.455147351843 7475316.239357308 1405864.1502304978 1.1875 0.0 2456257.18677 0.0 4.0 0.0
-0.453961319093 7478701.377538006 1406520.590677037 1.1875 0.0 2456257.18821 0.0 4.0 0.0
-0.452775439799 7476124.631952362 1406039.8393989552 1.1875 0.0 2456257.18966 0.0 4.0 0.0
-0.451589419265 7474948.6994819855 1405731.4816331053 1.1875 0.0 2456257.19111 0.0 4.0 0.0
-0.450403543789 7474900.45501833 1406018.6080740797 1.1875 0.0 2456257.19255 0.0 4.0 0.0
