#time 		photoelectrons 	error 		visit 	orbit 	scan 	wave_center 	wave_start 	wave_end
0.345126933741 6790358.38289762 1281859.7469035871 1.3875 0.0 2456306.95783 1.0 9.0 0.0
0.34631307681 6824494.383666752 1288767.3555056306 1.3875 0.0 2456306.95928 1.0 9.0 0.0
0.347498911442 6838785.607614554 1291433.5826958825 1.3875 0.0 2456306.96073 1.0 9.0 0.0
0.348684744547 6845644.303464363 1292702.5721383665 1.3875 0.0 2456306.96217 1.0 9.0 0.0
0.34987057956 6851377.70426291 1293678.1749956138 1.3875 0.0 2456306.96362 1.0 9.0 0.0
0.35105671156 6858063.6341937715 1295083.7450241083 1.3875 0.0 2456306.96507 1.0 9.0 0.0
0.352242537411 6861816.340758408 1295846.2588098308 1.3875 0.0 2456306.96651 1.0 9.0 0.0
0.353428365554 6865132.952054736 1296437.3574512803 1.3875 0.0 2456306.96796 1.0 9.0 0.0
0.354614185679 6864896.431090146 1296096.4607435502 1.3875 0.0 2456306.96941 1.0 9.0 0.0
0.355800306609 6864810.122425923 1296352.5794753714 1.3875 0.0 2456306.97085 1.0 9.0 0.0
0.356986124826 6866387.073843998 1296608.7220006913 1.3875 0.0 2456306.9723 1.0 9.0 0.0
0.358171936172 6868619.542425422 1297247.6551589598 1.3875 0.0 2456306.97375 1.0 9.0 0.0
0.359357744464 6867846.446664929 1296927.8585288697 1.3875 0.0 2456306.97519 1.0 9.0 0.0
0.360543856995 6865717.9484232785 1296258.6719310707 1.3875 0.0 2456306.97664 1.0 9.0 0.0
0.36172965918 6868005.607378388 1297163.3786659436 1.3875 0.0 2456306.97809 1.0 9.0 0.0
0.362915459074 6862250.757105945 1295725.5635786676 1.3875 0.0 2456306.97953 1.0 9.0 0.0
0.364101260495 6862346.635464917 1295814.4662431418 1.3875 0.0 2456306.98098 1.0 9.0 0.0
0.365287363483 6859751.733762956 1295302.2385031942 1.3875 0.0 2456306.98243 1.0 9.0 0.0
0.366473152689 6860969.372632822 1295429.1840473698 1.3875 0.0 2456306.98387 1.0 9.0 0.0
0.367658949147 6863004.603047578 1296160.7466543193 1.3875 0.0 2456306.98532 1.0 9.0 0.0
0.368844745224 6860840.041904333 1295548.09044468 1.3875 0.0 2456306.98677 1.0 9.0 0.0
0.370030835233 6860867.545732446 1295450.3336375772 1.3875 0.0 2456306.98821 1.0 9.0 0.0
0.371216630547 6864402.343754002 1296363.8552346043 1.3875 0.0 2456306.98966 1.0 9.0 0.0
0.37240242586 6862712.606144546 1295844.7581227333 1.3875 0.0 2456306.99111 1.0 9.0 0.0
0.397837392006 6854146.369257969 1293691.6061474176 1.3875 0.0 2456307.02213 1.0 9.0 0.0
0.399023527822 6863940.730135043 1296025.2883551714 1.3875 0.0 2456307.02358 1.0 9.0 0.0
0.400209367798 6868704.38355378 1297046.0666469843 1.3875 0.0 2456307.02503 1.0 9.0 0.0
0.401395206629 6870858.042066627 1297439.1061114063 1.3875 0.0 2456307.02647 1.0 9.0 0.0
0.402581036298 6871086.919380134 1297521.930046431 1.3875 0.0 2456307.02792 1.0 9.0 0.0
0.403767175932 6869766.033787627 1297110.4649719535 1.3875 0.0 2456307.02937 1.0 9.0 0.0
0.40613883298 6872681.567188772 1297842.881169727 1.3875 0.0 2456307.03226 1.0 9.0 0.0
0.407324661885 6871326.463044402 1297423.4167349904 1.3875 0.0 2456307.03371 1.0 9.0 0.0
0.409696605613 6871793.380045679 1297658.1673407573 1.3875 0.0 2456307.0366 1.0 9.0 0.0
0.410882425357 6869357.36926913 1296998.9906995073 1.3875 0.0 2456307.03805 1.0 9.0 0.0
0.412068242811 6869459.288306886 1296901.5284995625 1.3875 0.0 2456307.03949 1.0 9.0 0.0
0.413254355342 6871680.7635625405 1297610.3207577546 1.3875 0.0 2456307.04094 1.0 9.0 0.0
0.414440162107 6871386.081602262 1297456.4916299274 1.3875 0.0 2456307.04239 1.0 9.0 0.0
0.415625969636 6870689.593783161 1297507.7743786336 1.3875 0.0 2456307.04383 1.0 9.0 0.0
0.416811770675 6868851.653028501 1296963.820033365 1.3875 0.0 2456307.04528 1.0 9.0 0.0
0.417997872518 6869367.673189003 1297121.5652511609 1.3875 0.0 2456307.04673 1.0 9.0 0.0
0.419183673176 6872045.106760233 1297723.6719964498 1.3875 0.0 2456307.04817 1.0 9.0 0.0
0.420369467344 6868954.520571168 1297052.5190482214 1.3875 0.0 2456307.04962 1.0 9.0 0.0
0.452303218394 6853857.030256138 1293568.8915685876 1.3875 0.0 2456307.08858 1.0 9.0 0.0
0.453489058752 6865910.575189846 1296408.3987519583 1.3875 0.0 2456307.09002 1.0 9.0 0.0
0.454674899109 6864397.438937804 1296313.993751307 1.3875 0.0 2456307.09147 1.0 9.0 0.0
0.455860729923 6861338.478343909 1295634.4810126312 1.3875 0.0 2456307.09291 1.0 9.0 0.0
0.457046870702 6858201.346452607 1295051.9634346897 1.3875 0.0 2456307.09436 1.0 9.0 0.0
0.458232706479 6857532.848991995 1294857.57167448 1.3875 0.0 2456307.09581 1.0 9.0 0.0
0.459418532331 6856570.828571536 1294946.3941179183 1.3875 0.0 2456307.09726 1.0 9.0 0.0
0.460604363527 6857872.03093311 1295010.198213495 1.3875 0.0 2456307.0987 1.0 9.0 0.0
0.461790495908 6856282.865279413 1294666.7998607017 1.3875 0.0 2456307.10015 1.0 9.0 0.0
0.462976313362 6853833.638342067 1294103.6992742668 1.3875 0.0 2456307.1016 1.0 9.0 0.0
0.464162136542 6855177.690875738 1294478.8030546107 1.3875 0.0 2456307.10304 1.0 9.0 0.0
0.465347956286 6854913.334264156 1294465.179409355 1.3875 0.0 2456307.10449 1.0 9.0 0.0
0.466534072253 6857419.391020936 1295005.6505869252 1.3875 0.0 2456307.10594 1.0 9.0 0.0
0.46771988169 6856221.277516445 1294771.8810689852 1.3875 0.0 2456307.10738 1.0 9.0 0.0
0.468905692273 6858091.979097804 1295151.2123282638 1.3875 0.0 2456307.10883 1.0 9.0 0.0
0.470091496366 6859840.172470169 1295297.2454589184 1.3875 0.0 2456307.11027 1.0 9.0 0.0
0.471277600499 6859823.751758841 1295336.7168774444 1.3875 0.0 2456307.11172 1.0 9.0 0.0
0.472463403065 6860589.057777371 1295749.871442284 1.3875 0.0 2456307.11317 1.0 9.0 0.0
0.473649199524 6860967.28318817 1295520.2147620635 1.3875 0.0 2456307.11461 1.0 9.0 0.0
0.474834994074 6861772.017731579 1295624.0735324572 1.3875 0.0 2456307.11606 1.0 9.0 0.0
0.476021094771 6862895.44825039 1296061.0581061968 1.3875 0.0 2456307.11751 1.0 9.0 0.0
0.477206886649 6862176.102446427 1295698.7032199942 1.3875 0.0 2456307.11895 1.0 9.0 0.0
0.478392829692 6863117.830223733 1296158.1933408668 1.3875 0.0 2456307.1204 1.0 9.0 0.0
0.479578473077 6864405.215674838 1296261.8194253289 1.3875 0.0 2456307.12185 1.0 9.0 0.0
0.480764567667 6864158.169323764 1296439.830801535 1.3875 0.0 2456307.12329 1.0 9.0 0.0
-0.49322169025 6839772.055303959 1290754.4461696905 1.3875 0.0 2456307.15503 1.0 9.0 0.0
-0.492036001439 6852800.909059561 1293756.3472307045 1.3875 0.0 2456307.15647 1.0 9.0 0.0
-0.490849862568 6855536.987889477 1294628.7553340376 1.3875 0.0 2456307.15792 1.0 9.0 0.0
-0.489664027937 6856982.957932337 1294815.6487929954 1.3875 0.0 2456307.15937 1.0 9.0 0.0
-0.488478038704 6859582.774802446 1295355.349196346 1.3875 0.0 2456307.16081 1.0 9.0 0.0
-0.487292358674 6862494.517474506 1295784.945780137 1.3875 0.0 2456307.16226 1.0 9.0 0.0
-0.486106225529 6863180.301644799 1295910.5870323717 1.3875 0.0 2456307.16371 1.0 9.0 0.0
-0.484920394333 6864224.619607439 1296369.7083728765 1.3875 0.0 2456307.16515 1.0 9.0 0.0
-0.483734418079 6862841.394119596 1295779.7074865461 1.3875 0.0 2456307.1666 1.0 9.0 0.0
-0.482548747973 6864835.471506724 1296341.0053072323 1.3875 0.0 2456307.16805 1.0 9.0 0.0
-0.4813626217 6868863.75460325 1297248.657068511 1.3875 0.0 2456307.16949 1.0 9.0 0.0
-0.480176801956 6865581.178615438 1296386.9392194937 1.3875 0.0 2456307.17094 1.0 9.0 0.0
-0.478990841735 6867343.716476393 1296659.5934018388 1.3875 0.0 2456307.17239 1.0 9.0 0.0
-0.476619065969 6864341.348835844 1296152.5322828777 1.3875 0.0 2456307.17528 1.0 9.0 0.0
-0.474247309671 6866165.212352885 1296494.7211952049 1.3875 0.0 2456307.17817 1.0 9.0 0.0
-0.470689764168 6863983.850121814 1296098.3451377992 1.3875 0.0 2456307.18251 1.0 9.0 0.0
-0.468318179267 6865134.881688216 1296576.29272036 1.3875 0.0 2456307.18541 1.0 9.0 0.0
-0.46713208086 6861188.569119828 1295753.5990520318 1.3875 0.0 2456307.18685 1.0 9.0 0.0
-0.465946285165 6858514.033227419 1295051.8531776022 1.3875 0.0 2456307.1883 1.0 9.0 0.0
-0.464760346321 6860444.564172197 1295480.010689101 1.3875 0.0 2456307.18975 1.0 9.0 0.0
-0.438756315066 6843267.597772398 1291492.8141035342 1.3875 0.0 2456307.22147 1.0 9.0 0.0
-0.437570175432 6854118.976752624 1294043.0668960838 1.3875 0.0 2456307.22292 1.0 9.0 0.0
-0.436384340037 6855614.570985613 1294626.066559739 1.3875 0.0 2456307.22436 1.0 9.0 0.0
-0.43519834966 6859233.329086532 1295328.318628354 1.3875 0.0 2456307.22581 1.0 9.0 0.0
-0.43401266772 6860361.383025025 1295526.3532942468 1.3875 0.0 2456307.22726 1.0 9.0 0.0
-0.432826533049 6859724.89163819 1295214.5485887066 1.3875 0.0 2456307.2287 1.0 9.0 0.0
-0.431640699562 6862015.3329941835 1295979.2780395586 1.3875 0.0 2456307.23015 1.0 9.0 0.0
-0.430454720637 6861123.560402306 1295452.4728881628 1.3875 0.0 2456307.2316 1.0 9.0 0.0
-0.429269047859 6865267.095593756 1296436.2957832238 1.3875 0.0 2456307.23304 1.0 9.0 0.0
-0.428082918531 6864744.378786424 1296263.0004354683 1.3875 0.0 2456307.23449 1.0 9.0 0.0
-0.426897095733 6865344.932719766 1296510.85769049 1.3875 0.0 2456307.23594 1.0 9.0 0.0
-0.425711132459 6865769.472323266 1296461.9477440536 1.3875 0.0 2456307.23738 1.0 9.0 0.0
-0.424525467315 6864988.838991311 1296329.153489531 1.3875 0.0 2456307.23883 1.0 9.0 0.0
-0.423339350585 6867782.246728702 1296723.3843934706 1.3875 0.0 2456307.24028 1.0 9.0 0.0
-0.422153548019 6864285.612810823 1296076.4281617643 1.3875 0.0 2456307.24172 1.0 9.0 0.0
-0.420967588562 6865431.325405339 1296536.9216649903 1.3875 0.0 2456307.24317 1.0 9.0 0.0
-0.419781935252 6865380.190894959 1296442.637429588 1.3875 0.0 2456307.24461 1.0 9.0 0.0
-0.418595837226 6863367.732057968 1295851.529375151 1.3875 0.0 2456307.24606 1.0 9.0 0.0
-0.41741003695 6864812.81722075 1296441.1016269054 1.3875 0.0 2456307.24751 1.0 9.0 0.0
-0.416224086654 6863875.591017875 1296119.368005711 1.3875 0.0 2456307.24895 1.0 9.0 0.0
0.318950816244 6838519.732162615 1291266.664116619 1.3875 0.0 2456256.9112 0.0 4.0 0.0
0.320136860827 6857632.165329952 1294953.976846311 1.3875 0.0 2456256.91264 0.0 4.0 0.0
0.321322755008 6865099.1923962515 1296313.2000307715 1.3875 0.0 2456256.91409 0.0 4.0 0.0
0.322508795011 6872746.845053084 1297747.5496232577 1.3875 0.0 2456256.91554 0.0 4.0 0.0
0.323694680794 6875685.953806405 1298337.907893821 1.3875 0.0 2456256.91698 0.0 4.0 0.0
0.324880720415 6879210.705527656 1299025.8965549835 1.3875 0.0 2456256.91843 0.0 4.0 0.0
0.326066601236 6877904.621411047 1298404.2713291699 1.3875 0.0 2456256.91988 0.0 4.0 0.0
0.327252632077 6879253.432582718 1298609.4013164882 1.3875 0.0 2456256.92132 0.0 4.0 0.0
0.328438512897 6880887.423200815 1299095.5772253997 1.3875 0.0 2456256.92277 0.0 4.0 0.0
0.329624539158 6880894.19111138 1298886.2189250826 1.3875 0.0 2456256.92422 0.0 4.0 0.0
0.330810411581 6880907.338909552 1298902.967456584 1.3875 0.0 2456256.92566 0.0 4.0 0.0
0.331996438986 6884987.067382663 1299864.11820554 1.3875 0.0 2456256.92711 0.0 4.0 0.0
0.333182308355 6882773.065667893 1299381.920320253 1.3875 0.0 2456256.92856 0.0 4.0 0.0
0.334368328507 6882589.641605584 1299310.3782546236 1.3875 0.0 2456256.93 0.0 4.0 0.0
0.335554200167 6883003.55421117 1299501.389482576 1.3875 0.0 2456256.93145 0.0 4.0 0.0
0.336740222991 6883096.455935799 1299284.5782901915 1.3875 0.0 2456256.9329 0.0 4.0 0.0
0.337926085489 6884316.82062873 1299827.3993667737 1.3875 0.0 2456256.93434 0.0 4.0 0.0
0.339112108314 6880285.147980154 1298783.9914141526 1.3875 0.0 2456256.93579 0.0 4.0 0.0
0.34029797921 6879270.2666943865 1298793.3679373048 1.3875 0.0 2456256.93724 0.0 4.0 0.0
0.364766831063 6851743.977402565 1292995.5173278484 1.3875 0.0 2456256.96709 0.0 4.0 0.0
0.365952731734 6866782.650656362 1296348.020495441 1.3875 0.0 2456256.96853 0.0 4.0 0.0
0.367138787769 6867345.282681042 1296300.8215569626 1.3875 0.0 2456256.96998 0.0 4.0 0.0
0.368324692257 6870689.105866664 1296950.9996208074 1.3875 0.0 2456256.97143 0.0 4.0 0.0
0.369510739131 6872200.9676531525 1297409.254860991 1.3875 0.0 2456256.97287 0.0 4.0 0.0
0.370696640947 6871003.02024207 1296768.4830200444 1.3875 0.0 2456256.97432 0.0 4.0 0.0
0.371882693165 6876711.155808002 1298243.4144533356 1.3875 0.0 2456256.97577 0.0 4.0 0.0
0.37306858391 6874839.190608853 1297794.6226447208 1.3875 0.0 2456256.97721 0.0 4.0 0.0
0.374254632311 6875190.197896133 1297811.9868614755 1.3875 0.0 2456256.97866 0.0 4.0 0.0
0.375440527638 6877423.764946508 1298281.8883392678 1.3875 0.0 2456256.98011 0.0 4.0 0.0
0.378998494571 6872656.681366691 1297303.1182525018 1.3875 0.0 2456256.98445 0.0 4.0 0.0
0.380184372338 6873211.991684753 1297472.0580600656 1.3875 0.0 2456256.98589 0.0 4.0 0.0
0.381370407378 6874948.78271489 1298012.3301312006 1.3875 0.0 2456256.98734 0.0 4.0 0.0
0.382556288962 6872601.932177529 1297399.6078502983 1.3875 0.0 2456256.98879 0.0 4.0 0.0
0.383742311787 6874164.397989348 1297786.0303767973 1.3875 0.0 2456256.99023 0.0 4.0 0.0
0.384928189172 6866665.675103279 1296181.572193538 1.3875 0.0 2456256.99168 0.0 4.0 0.0
0.386114216578 6870346.410978457 1297118.5809359744 1.3875 0.0 2456256.99313 0.0 4.0 0.0
0.387300082511 6870738.632997636 1297096.0668093762 1.3875 0.0 2456256.99457 0.0 4.0 0.0
0.388486106863 6869939.963336601 1297139.2661755162 1.3875 0.0 2456256.99602 0.0 4.0 0.0
0.389671978904 6867021.52319734 1296309.7703446234 1.3875 0.0 2456256.99747 0.0 4.0 0.0
0.390857997529 6867583.48495351 1296532.7640961432 1.3875 0.0 2456256.99891 0.0 4.0 0.0
0.392043864226 6870476.561894514 1297247.138642628 1.3875 0.0 2456257.00036 0.0 4.0 0.0
0.393229886669 6866115.686840116 1296084.8220376715 1.3875 0.0 2456257.00181 0.0 4.0 0.0
0.394415753366 6870642.757609115 1296982.1635561367 1.3875 0.0 2456257.00325 0.0 4.0 0.0
0.395601772755 6872619.393963627 1297746.0230307903 1.3875 0.0 2456257.0047 0.0 4.0 0.0
0.419264110474 6861927.126114266 1294782.7554825982 1.3875 0.0 2456257.03357 0.0 4.0 0.0
0.420450006946 6869486.898889667 1296714.4308031043 1.3875 0.0 2456257.03501 0.0 4.0 0.0
0.422821967088 6873844.907550955 1297599.1749766786 1.3875 0.0 2456257.03791 0.0 4.0 0.0
0.424008017779 6873185.8956323555 1297591.5796933821 1.3875 0.0 2456257.03935 0.0 4.0 0.0
0.426379967232 6875038.6849556845 1297897.8218983219 1.3875 0.0 2456257.04225 0.0 4.0 0.0
0.427565862177 6874470.655766629 1297782.902958544 1.3875 0.0 2456257.04369 0.0 4.0 0.0
0.42875190676 6875118.907617202 1297925.863686494 1.3875 0.0 2456257.04514 0.0 4.0 0.0
0.429937801323 6873632.700527307 1297694.395349526 1.3875 0.0 2456257.04659 0.0 4.0 0.0
0.431123841325 6876516.71562798 1298404.1936183588 1.3875 0.0 2456257.04803 0.0 4.0 0.0
0.432309728254 6869792.969430273 1296600.864823496 1.3875 0.0 2456257.04948 0.0 4.0 0.0
0.433495767875 6871352.553412788 1297239.3676254333 1.3875 0.0 2456257.05093 0.0 4.0 0.0
0.434681649841 6871089.86684825 1297239.747008925 1.3875 0.0 2456257.05237 0.0 4.0 0.0
0.435867680682 6869939.89399224 1297127.976423981 1.3875 0.0 2456257.05382 0.0 4.0 0.0
0.437053562266 6869651.000024226 1296903.260483375 1.3875 0.0 2456257.05527 0.0 4.0 0.0
0.438239588908 6872159.1446068045 1297426.7764571994 1.3875 0.0 2456257.05671 0.0 4.0 0.0
0.439425462476 6870278.211605109 1297066.3505739432 1.3875 0.0 2456257.05816 0.0 4.0 0.0
0.4406114895 6873848.839578827 1297859.430967204 1.3875 0.0 2456257.05961 0.0 4.0 0.0
0.441797359632 6870035.371333293 1296860.1719140268 1.3875 0.0 2456257.06105 0.0 4.0 0.0
0.442983379785 6870108.849546633 1296997.7358146925 1.3875 0.0 2456257.0625 0.0 4.0 0.0
0.444169251826 6870778.943525239 1297254.9422853072 1.3875 0.0 2456257.06395 0.0 4.0 0.0
0.44535527465 6868328.820250598 1296325.4266799106 1.3875 0.0 2456257.06539 0.0 4.0 0.0
0.446541137148 6869327.325083936 1296621.7000413027 1.3875 0.0 2456257.06684 0.0 4.0 0.0
0.447727159591 6869442.763695558 1296698.8162600426 1.3875 0.0 2456257.06829 0.0 4.0 0.0
0.448913030487 6871086.646643258 1296941.6142623334 1.3875 0.0 2456257.06973 0.0 4.0 0.0
0.473751817625 6846620.426816148 1291890.8285300655 1.3875 0.0 2456257.10003 0.0 4.0 0.0
0.474937865644 6856334.2952254955 1294105.579910475 1.3875 0.0 2456257.10148 0.0 4.0 0.0
0.477309825403 6858008.295953929 1294681.5208351368 1.3875 0.0 2456257.10437 0.0 4.0 0.0
0.478495719967 6860703.119401298 1295187.3140269571 1.3875 0.0 2456257.10582 0.0 4.0 0.0
0.47968177333 6858336.871812963 1294687.0057790745 1.3875 0.0 2456257.10727 0.0 4.0 0.0
0.480867673619 6858621.144476946 1294810.1444883184 1.3875 0.0 2456257.10871 0.0 4.0 0.0
0.482053719729 6860171.671958369 1295010.141102257 1.3875 0.0 2456257.11016 0.0 4.0 0.0
0.483239612383 6860029.944277696 1295006.7375387857 1.3875 0.0 2456257.11161 0.0 4.0 0.0
0.484425658875 6859830.082059006 1294930.9056582034 1.3875 0.0 2456257.11305 0.0 4.0 0.0
0.485611547331 6861946.924280383 1295449.2914262433 1.3875 0.0 2456257.1145 0.0 4.0 0.0
0.486797585424 6864090.8376556225 1295976.0371823024 1.3875 0.0 2456257.11595 0.0 4.0 0.0
0.487983473498 6863590.095892475 1295693.5019634676 1.3875 0.0 2456257.11739 0.0 4.0 0.0
0.489169507011 6862823.906686066 1295360.0975199128 1.3875 0.0 2456257.11884 0.0 4.0 0.0
0.490355385924 6867401.633028973 1296323.9206103308 1.3875 0.0 2456257.12029 0.0 4.0 0.0
0.491541419437 6869016.724785469 1296740.1975762437 1.3875 0.0 2456257.12173 0.0 4.0 0.0
0.49272729415 6867755.90157357 1296449.5790787532 1.3875 0.0 2456257.12318 0.0 4.0 0.0
0.493913319265 6870467.910392321 1297053.3618978083 1.3875 0.0 2456257.12463 0.0 4.0 0.0
0.495099194741 6869025.94044355 1296614.9399493972 1.3875 0.0 2456257.12607 0.0 4.0 0.0
0.496285216421 6868648.340202365 1296513.8469081451 1.3875 0.0 2456257.12752 0.0 4.0 0.0
0.497471085027 6870623.3497293955 1296994.825753804 1.3875 0.0 2456257.12897 0.0 4.0 0.0
0.499842975693 6873589.485904458 1297746.1574109453 1.3875 0.0 2456257.13186 0.0 4.0 0.0
-0.496599113106 6870645.614695584 1297035.654792972 1.3875 0.0 2456257.1362 0.0 4.0 0.0
-0.471750918233 6848545.334525213 1292378.3848292609 1.3875 0.0 2456257.16651 0.0 4.0 0.0
-0.468192911218 6867854.8815152105 1296495.8361170297 1.3875 0.0 2456257.17085 0.0 4.0 0.0
-0.467007012455 6866112.165959581 1295957.6582549247 1.3875 0.0 2456257.1723 0.0 4.0 0.0
-0.465820963673 6871849.8686317215 1297421.902725436 1.3875 0.0 2456257.17375 0.0 4.0 0.0
-0.464635063766 6871849.438182137 1297286.1816031982 1.3875 0.0 2456257.17519 0.0 4.0 0.0
-0.463449013457 6875037.446324153 1297842.1043795 1.3875 0.0 2456257.17664 0.0 4.0 0.0
-0.46226312462 6877112.807248953 1298327.2909141162 1.3875 0.0 2456257.17809 0.0 4.0 0.0
-0.46107707851 6877016.308578418 1298338.940002845 1.3875 0.0 2456257.17953 0.0 4.0 0.0
-0.459891186237 6878339.528326851 1298424.5782048558 1.3875 0.0 2456257.18098 0.0 4.0 0.0
-0.458705152342 6881312.395137315 1299123.3923540295 1.3875 0.0 2456257.18243 0.0 4.0 0.0
-0.45751926465 6879923.659773166 1298831.328007024 1.3875 0.0 2456257.18387 0.0 4.0 0.0
-0.456333226938 6878346.124080642 1298411.0531377408 1.3875 0.0 2456257.18532 0.0 4.0 0.0
-0.455147351843 6880302.073100056 1298701.1211745255 1.3875 0.0 2456257.18677 0.0 4.0 0.0
-0.453961319093 6880398.722345847 1298744.1776756702 1.3875 0.0 2456257.18821 0.0 4.0 0.0
-0.452775439799 6879957.385868767 1298684.877233815 1.3875 0.0 2456257.18966 0.0 4.0 0.0
-0.451589419265 6878154.849588606 1298186.4232115126 1.3875 0.0 2456257.19111 0.0 4.0 0.0
-0.450403543789 6877461.678177043 1298392.7863621549 1.3875 0.0 2456257.19255 0.0 4.0 0.0
