#time 		photoelectrons 	error 		visit 	orbit 	scan 	wave_center 	wave_start 	wave_end
0.345126933741 5459437.498344016 1036370.5445116258 1.5375 0.0 2456306.95783 1.0 9.0 0.0
0.34631307681 5485785.842527769 1041481.4857173562 1.5375 0.0 2456306.95928 1.0 9.0 0.0
0.347498911442 5498255.334270774 1043738.9855629021 1.5375 0.0 2456306.96073 1.0 9.0 0.0
0.348684744547 5505792.763076609 1045071.7548595264 1.5375 0.0 2456306.96217 1.0 9.0 0.0
0.34987057956 5509124.984014652 1045532.7929438121 1.5375 0.0 2456306.96362 1.0 9.0 0.0
0.35105671156 5511413.853791897 1046105.972190918 1.5375 0.0 2456306.96507 1.0 9.0 0.0
0.352242537411 5517280.190185142 1047268.2536803258 1.5375 0.0 2456306.96651 1.0 9.0 0.0
0.353428365554 5516369.406194136 1047033.0099356344 1.5375 0.0 2456306.96796 1.0 9.0 0.0
0.354614185679 5517314.103571475 1046919.7731069267 1.5375 0.0 2456306.96941 1.0 9.0 0.0
0.355800306609 5517519.170869574 1047173.8548299128 1.5375 0.0 2456306.97085 1.0 9.0 0.0
0.356986124826 5520206.176591937 1047704.1991901785 1.5375 0.0 2456306.9723 1.0 9.0 0.0
0.358171936172 5519051.522488628 1047586.054157747 1.5375 0.0 2456306.97375 1.0 9.0 0.0
0.359357744464 5520256.426222925 1047746.6019066336 1.5375 0.0 2456306.97519 1.0 9.0 0.0
0.360543856995 5516491.077598024 1046728.2382412981 1.5375 0.0 2456306.97664 1.0 9.0 0.0
0.36172965918 5519240.979556997 1047736.8401241667 1.5375 0.0 2456306.97809 1.0 9.0 0.0
0.362915459074 5515712.941232497 1046750.4297644196 1.5375 0.0 2456306.97953 1.0 9.0 0.0
0.364101260495 5515622.452968061 1046818.7872795286 1.5375 0.0 2456306.98098 1.0 9.0 0.0
0.365287363483 5514317.435299122 1046462.0304639934 1.5375 0.0 2456306.98243 1.0 9.0 0.0
0.366473152689 5512581.506207206 1046060.950291005 1.5375 0.0 2456306.98387 1.0 9.0 0.0
0.367658949147 5516462.002709791 1047220.8335647015 1.5375 0.0 2456306.98532 1.0 9.0 0.0
0.368844745224 5511608.474541207 1046009.2356333832 1.5375 0.0 2456306.98677 1.0 9.0 0.0
0.370030835233 5512364.120834531 1046036.7448653003 1.5375 0.0 2456306.98821 1.0 9.0 0.0
0.371216630547 5515935.598096664 1046941.4111790607 1.5375 0.0 2456306.98966 1.0 9.0 0.0
0.37240242586 5513973.681706406 1046443.1706147119 1.5375 0.0 2456306.99111 1.0 9.0 0.0
0.397837392006 5510902.388257842 1045576.8329502407 1.5375 0.0 2456307.02213 1.0 9.0 0.0
0.399023527822 5515005.664372241 1046614.9439805454 1.5375 0.0 2456307.02358 1.0 9.0 0.0
0.400209367798 5515845.865378954 1046869.7811044606 1.5375 0.0 2456307.02503 1.0 9.0 0.0
0.401395206629 5520749.660621915 1047752.9933253737 1.5375 0.0 2456307.02647 1.0 9.0 0.0
0.402581036298 5522868.722980055 1048177.6630919323 1.5375 0.0 2456307.02792 1.0 9.0 0.0
0.403767175932 5519691.2550653815 1047447.2395187516 1.5375 0.0 2456307.02937 1.0 9.0 0.0
0.40613883298 5521975.582696046 1048146.6535160295 1.5375 0.0 2456307.03226 1.0 9.0 0.0
0.407324661885 5520768.355700237 1047650.6843272959 1.5375 0.0 2456307.03371 1.0 9.0 0.0
0.409696605613 5520992.5539208725 1047837.5540149435 1.5375 0.0 2456307.0366 1.0 9.0 0.0
0.410882425357 5521493.971341608 1047722.3810539257 1.5375 0.0 2456307.03805 1.0 9.0 0.0
0.412068242811 5516538.432314259 1046696.2232360649 1.5375 0.0 2456307.03949 1.0 9.0 0.0
0.413254355342 5519902.9705506535 1047606.0267142338 1.5375 0.0 2456307.04094 1.0 9.0 0.0
0.414440162107 5519849.095484514 1047521.3093211638 1.5375 0.0 2456307.04239 1.0 9.0 0.0
0.415625969636 5520516.4440676235 1047803.47588756 1.5375 0.0 2456307.04383 1.0 9.0 0.0
0.416811770675 5516812.376746397 1046883.2420027449 1.5375 0.0 2456307.04528 1.0 9.0 0.0
0.417997872518 5517157.189763604 1047021.2449873614 1.5375 0.0 2456307.04673 1.0 9.0 0.0
0.419183673176 5519778.070900115 1047568.961639342 1.5375 0.0 2456307.04817 1.0 9.0 0.0
0.420369467344 5516659.412457955 1046974.6718705662 1.5375 0.0 2456307.04962 1.0 9.0 0.0
0.452303218394 5505956.159380195 1044501.9800216783 1.5375 0.0 2456307.08858 1.0 9.0 0.0
0.453489058752 5511194.656914559 1045954.5829259853 1.5375 0.0 2456307.09002 1.0 9.0 0.0
0.454674899109 5511511.886856815 1046177.1766718387 1.5375 0.0 2456307.09147 1.0 9.0 0.0
0.455860729923 5510565.612941066 1045821.403558958 1.5375 0.0 2456307.09291 1.0 9.0 0.0
0.457046870702 5509074.49707166 1045646.328460964 1.5375 0.0 2456307.09436 1.0 9.0 0.0
0.458232706479 5508231.799239168 1045359.6721752742 1.5375 0.0 2456307.09581 1.0 9.0 0.0
0.459418532331 5506730.92821446 1045254.2215797611 1.5375 0.0 2456307.09726 1.0 9.0 0.0
0.460604363527 5504520.555946104 1044733.3134119645 1.5375 0.0 2456307.0987 1.0 9.0 0.0
0.461790495908 5504281.377193426 1044580.6740936334 1.5375 0.0 2456307.10015 1.0 9.0 0.0
0.462976313362 5501604.59674913 1044024.4228263085 1.5375 0.0 2456307.1016 1.0 9.0 0.0
0.464162136542 5503563.45377016 1044480.2935492306 1.5375 0.0 2456307.10304 1.0 9.0 0.0
0.465347956286 5505830.098369933 1044988.8026498185 1.5375 0.0 2456307.10449 1.0 9.0 0.0
0.466534072253 5505971.36836615 1045106.9012832257 1.5375 0.0 2456307.10594 1.0 9.0 0.0
0.46771988169 5507132.315463964 1045232.685894606 1.5375 0.0 2456307.10738 1.0 9.0 0.0
0.468905692273 5507350.401732745 1045330.9443960695 1.5375 0.0 2456307.10883 1.0 9.0 0.0
0.470091496366 5505588.143783814 1044866.6060566528 1.5375 0.0 2456307.11027 1.0 9.0 0.0
0.471277600499 5507452.539524086 1045293.1098970162 1.5375 0.0 2456307.11172 1.0 9.0 0.0
0.472463403065 5508496.789753751 1045695.5601247478 1.5375 0.0 2456307.11317 1.0 9.0 0.0
0.473649199524 5508736.353024305 1045424.094064855 1.5375 0.0 2456307.11461 1.0 9.0 0.0
0.474834994074 5506557.746062148 1044967.8820865842 1.5375 0.0 2456307.11606 1.0 9.0 0.0
0.476021094771 5507432.3006094005 1045343.5273427339 1.5375 0.0 2456307.11751 1.0 9.0 0.0
0.477206886649 5507835.254135715 1045141.7082750453 1.5375 0.0 2456307.11895 1.0 9.0 0.0
0.478392829692 5509487.461654129 1045750.8069089924 1.5375 0.0 2456307.1204 1.0 9.0 0.0
0.479578473077 5507483.731974369 1045233.5277235638 1.5375 0.0 2456307.12185 1.0 9.0 0.0
0.480764567667 5509287.841938554 1045783.0304916232 1.5375 0.0 2456307.12329 1.0 9.0 0.0
-0.49322169025 5492613.584802889 1041807.2031930928 1.5375 0.0 2456307.15503 1.0 9.0 0.0
-0.492036001439 5502861.678405404 1044253.8300935265 1.5375 0.0 2456307.15647 1.0 9.0 0.0
-0.490849862568 5507527.61316287 1045380.2605102394 1.5375 0.0 2456307.15792 1.0 9.0 0.0
-0.489664027937 5503764.22128987 1044549.733107249 1.5375 0.0 2456307.15937 1.0 9.0 0.0
-0.488478038704 5505514.0148219755 1044904.0034936013 1.5375 0.0 2456307.16081 1.0 9.0 0.0
-0.487292358674 5506250.5733171655 1044929.5283566135 1.5375 0.0 2456307.16226 1.0 9.0 0.0
-0.486106225529 5508159.445691454 1045288.6222658287 1.5375 0.0 2456307.16371 1.0 9.0 0.0
-0.484920394333 5508883.340863189 1045681.1161064482 1.5375 0.0 2456307.16515 1.0 9.0 0.0
-0.483734418079 5507883.602540988 1045161.2606879773 1.5375 0.0 2456307.1666 1.0 9.0 0.0
-0.482548747973 5510351.294602585 1045776.1835739851 1.5375 0.0 2456307.16805 1.0 9.0 0.0
-0.4813626217 5512651.69849655 1046432.8080255998 1.5375 0.0 2456307.16949 1.0 9.0 0.0
-0.480176801956 5511779.533280361 1045969.0161046814 1.5375 0.0 2456307.17094 1.0 9.0 0.0
-0.478990841735 5512999.748200332 1046181.9510922808 1.5375 0.0 2456307.17239 1.0 9.0 0.0
-0.476619065969 5509670.085270063 1045604.0950290342 1.5375 0.0 2456307.17528 1.0 9.0 0.0
-0.474247309671 5513798.5935598565 1046363.3484129346 1.5375 0.0 2456307.17817 1.0 9.0 0.0
-0.470689764168 5509022.689296185 1045457.6374158219 1.5375 0.0 2456307.18251 1.0 9.0 0.0
-0.468318179267 5509953.447830332 1045920.7906024102 1.5375 0.0 2456307.18541 1.0 9.0 0.0
-0.46713208086 5506712.710079394 1045277.8168625938 1.5375 0.0 2456307.18685 1.0 9.0 0.0
-0.465946285165 5505012.557431018 1044731.769759916 1.5375 0.0 2456307.1883 1.0 9.0 0.0
-0.464760346321 5505146.166352628 1044770.338238216 1.5375 0.0 2456307.18975 1.0 9.0 0.0
-0.438756315066 5494544.815648049 1042231.3973047006 1.5375 0.0 2456307.22147 1.0 9.0 0.0
-0.437570175432 5501805.755853645 1043965.651971749 1.5375 0.0 2456307.22292 1.0 9.0 0.0
-0.436384340037 5505233.842848665 1044904.2412446747 1.5375 0.0 2456307.22436 1.0 9.0 0.0
-0.43519834966 5505995.092899424 1045158.4161297382 1.5375 0.0 2456307.22581 1.0 9.0 0.0
-0.43401266772 5507189.1400943855 1045234.671812661 1.5375 0.0 2456307.22726 1.0 9.0 0.0
-0.432826533049 5506136.378815794 1044809.1921719128 1.5375 0.0 2456307.2287 1.0 9.0 0.0
-0.431640699562 5509265.25640589 1045801.5023138184 1.5375 0.0 2456307.23015 1.0 9.0 0.0
-0.430454720637 5507639.973501637 1045130.459037094 1.5375 0.0 2456307.2316 1.0 9.0 0.0
-0.429269047859 5508425.993319551 1045440.9513716477 1.5375 0.0 2456307.23304 1.0 9.0 0.0
-0.428082918531 5508746.435234322 1045478.1806515062 1.5375 0.0 2456307.23449 1.0 9.0 0.0
-0.426897095733 5509954.756662636 1045782.0397127062 1.5375 0.0 2456307.23594 1.0 9.0 0.0
-0.425711132459 5509834.410507319 1045753.7643728252 1.5375 0.0 2456307.23738 1.0 9.0 0.0
-0.424525467315 5510548.039365745 1045860.6671770166 1.5375 0.0 2456307.23883 1.0 9.0 0.0
-0.423339350585 5509512.340552199 1045516.1003802726 1.5375 0.0 2456307.24028 1.0 9.0 0.0
-0.422153548019 5509413.67178888 1045459.067739164 1.5375 0.0 2456307.24172 1.0 9.0 0.0
-0.420967588562 5511771.310203488 1046119.8054554095 1.5375 0.0 2456307.24317 1.0 9.0 0.0
-0.419781935252 5509989.072166478 1045786.1019082575 1.5375 0.0 2456307.24461 1.0 9.0 0.0
-0.418595837226 5507571.655832576 1045017.7253494445 1.5375 0.0 2456307.24606 1.0 9.0 0.0
-0.41741003695 5510966.843912428 1045992.2976330402 1.5375 0.0 2456307.24751 1.0 9.0 0.0
-0.416224086654 5509739.649691847 1045665.2489500981 1.5375 0.0 2456307.24895 1.0 9.0 0.0
0.318950816244 5488417.273790964 1041875.507346626 1.5375 0.0 2456256.9112 0.0 4.0 0.0
0.320136860827 5507728.294235154 1045497.8464921548 1.5375 0.0 2456256.91264 0.0 4.0 0.0
0.321322755008 5517064.7899075765 1047210.3074411232 1.5375 0.0 2456256.91409 0.0 4.0 0.0
0.322508795011 5523784.765688238 1048473.4458381479 1.5375 0.0 2456256.91554 0.0 4.0 0.0
0.323694680794 5525918.344243617 1048922.7920751816 1.5375 0.0 2456256.91698 0.0 4.0 0.0
0.324880720415 5527784.80475058 1049245.671760193 1.5375 0.0 2456256.91843 0.0 4.0 0.0
0.326066601236 5527587.341209423 1048809.45547771 1.5375 0.0 2456256.91988 0.0 4.0 0.0
0.327252632077 5527187.143528346 1048714.0506260786 1.5375 0.0 2456256.92132 0.0 4.0 0.0
0.328438512897 5529007.337009407 1049228.064352362 1.5375 0.0 2456256.92277 0.0 4.0 0.0
0.329624539158 5529402.227768478 1049093.037153283 1.5375 0.0 2456256.92422 0.0 4.0 0.0
0.330810411581 5530316.307312217 1049241.4880205872 1.5375 0.0 2456256.92566 0.0 4.0 0.0
0.331996438986 5529883.030683082 1049431.582757097 1.5375 0.0 2456256.92711 0.0 4.0 0.0
0.333182308355 5531788.169049961 1049653.8209553955 1.5375 0.0 2456256.92856 0.0 4.0 0.0
0.334368328507 5531111.606952576 1049531.500210992 1.5375 0.0 2456256.93 0.0 4.0 0.0
0.335554200167 5533074.17820321 1049985.8492089917 1.5375 0.0 2456256.93145 0.0 4.0 0.0
0.336740222991 5526998.242697954 1048567.7100086893 1.5375 0.0 2456256.9329 0.0 4.0 0.0
0.337926085489 5529627.921572759 1049398.0536817973 1.5375 0.0 2456256.93434 0.0 4.0 0.0
0.339112108314 5527410.066574605 1048755.3445133076 1.5375 0.0 2456256.93579 0.0 4.0 0.0
0.34029797921 5528035.802089225 1049004.2254214217 1.5375 0.0 2456256.93724 0.0 4.0 0.0
0.364766831063 5509948.200702034 1045132.834813906 1.5375 0.0 2456256.96709 0.0 4.0 0.0
0.365952731734 5516525.921454064 1046797.8624612847 1.5375 0.0 2456256.96853 0.0 4.0 0.0
0.367138787769 5516568.379506942 1046593.3991860837 1.5375 0.0 2456256.96998 0.0 4.0 0.0
0.368324692257 5518852.757301487 1047053.893625137 1.5375 0.0 2456256.97143 0.0 4.0 0.0
0.369510739131 5520803.909814663 1047615.8588896143 1.5375 0.0 2456256.97287 0.0 4.0 0.0
0.370696640947 5517947.985572004 1046631.1140897156 1.5375 0.0 2456256.97432 0.0 4.0 0.0
0.371882693165 5523004.781716616 1048012.4755548132 1.5375 0.0 2456256.97577 0.0 4.0 0.0
0.37306858391 5522598.689910883 1047845.8913455724 1.5375 0.0 2456256.97721 0.0 4.0 0.0
0.374254632311 5520769.668132055 1047388.562221452 1.5375 0.0 2456256.97866 0.0 4.0 0.0
0.375440527638 5523415.569408487 1048007.7327545296 1.5375 0.0 2456256.98011 0.0 4.0 0.0
0.378998494571 5520756.485122413 1047350.3648738331 1.5375 0.0 2456256.98445 0.0 4.0 0.0
0.380184372338 5519627.246869276 1047259.0717845969 1.5375 0.0 2456256.98589 0.0 4.0 0.0
0.381370407378 5519782.683600695 1047536.6233079175 1.5375 0.0 2456256.98734 0.0 4.0 0.0
0.382556288962 5519349.553801604 1047254.1495997654 1.5375 0.0 2456256.98879 0.0 4.0 0.0
0.383742311787 5518082.212977006 1047114.8647117227 1.5375 0.0 2456256.99023 0.0 4.0 0.0
0.384928189172 5516224.844389803 1046459.4757252698 1.5375 0.0 2456256.99168 0.0 4.0 0.0
0.386114216578 5517881.03543257 1047169.548807281 1.5375 0.0 2456256.99313 0.0 4.0 0.0
0.387300082511 5514727.398170443 1046410.7481984834 1.5375 0.0 2456256.99457 0.0 4.0 0.0
0.388486106863 5516645.528188891 1046862.6209248853 1.5375 0.0 2456256.99602 0.0 4.0 0.0
0.389671978904 5515893.030070971 1046444.4148786741 1.5375 0.0 2456256.99747 0.0 4.0 0.0
0.390857997529 5514974.270536681 1046481.7165137444 1.5375 0.0 2456256.99891 0.0 4.0 0.0
0.392043864226 5516639.851687105 1046937.8098771746 1.5375 0.0 2456257.00036 0.0 4.0 0.0
0.393229886669 5515544.40844482 1046430.5582157779 1.5375 0.0 2456257.00181 0.0 4.0 0.0
0.394415753366 5515637.100848707 1046398.1784847345 1.5375 0.0 2456257.00325 0.0 4.0 0.0
0.395601772755 5519613.559129884 1047555.9523654408 1.5375 0.0 2456257.0047 0.0 4.0 0.0
0.419264110474 5509470.060882328 1044900.2299523918 1.5375 0.0 2456257.03357 0.0 4.0 0.0
0.420450006946 5515720.252783365 1046464.4887377772 1.5375 0.0 2456257.03501 0.0 4.0 0.0
0.422821967088 5515161.262278572 1046361.4704012421 1.5375 0.0 2456257.03791 0.0 4.0 0.0
0.424008017779 5519463.327413541 1047410.4150513072 1.5375 0.0 2456257.03935 0.0 4.0 0.0
0.426379967232 5519276.648842853 1047245.8398605573 1.5375 0.0 2456257.04225 0.0 4.0 0.0
0.427565862177 5519923.742649953 1047424.5400283282 1.5375 0.0 2456257.04369 0.0 4.0 0.0
0.42875190676 5519677.388064498 1047319.5009363369 1.5375 0.0 2456257.04514 0.0 4.0 0.0
0.429937801323 5519239.836814526 1047296.3059757554 1.5375 0.0 2456257.04659 0.0 4.0 0.0
0.431123841325 5521131.745661875 1047813.1464628734 1.5375 0.0 2456257.04803 0.0 4.0 0.0
0.432309728254 5515474.877662154 1046206.525186295 1.5375 0.0 2456257.04948 0.0 4.0 0.0
0.433495767875 5516323.3863819055 1046759.4935659157 1.5375 0.0 2456257.05093 0.0 4.0 0.0
0.434681649841 5517381.813341297 1047013.5617677004 1.5375 0.0 2456257.05237 0.0 4.0 0.0
0.435867680682 5516763.88544147 1046875.6042227806 1.5375 0.0 2456257.05382 0.0 4.0 0.0
0.437053562266 5515309.007346195 1046506.1788073333 1.5375 0.0 2456257.05527 0.0 4.0 0.0
0.438239588908 5518178.579147168 1047100.6261237166 1.5375 0.0 2456257.05671 0.0 4.0 0.0
0.439425462476 5514255.563350744 1046344.4202871581 1.5375 0.0 2456257.05816 0.0 4.0 0.0
0.4406114895 5515599.198644953 1046809.5252038359 1.5375 0.0 2456257.05961 0.0 4.0 0.0
0.441797359632 5515279.98388361 1046465.9680487389 1.5375 0.0 2456257.06105 0.0 4.0 0.0
0.442983379785 5514258.899702231 1046311.6810706258 1.5375 0.0 2456257.0625 0.0 4.0 0.0
0.444169251826 5517029.122035198 1047050.9941175563 1.5375 0.0 2456257.06395 0.0 4.0 0.0
0.44535527465 5512754.690924475 1045666.8642908479 1.5375 0.0 2456257.06539 0.0 4.0 0.0
0.446541137148 5513850.538422175 1046015.6488892102 1.5375 0.0 2456257.06684 0.0 4.0 0.0
0.447727159591 5513061.171708838 1045927.0806923682 1.5375 0.0 2456257.06829 0.0 4.0 0.0
0.448913030487 5514062.414541164 1046003.5409293756 1.5375 0.0 2456257.06973 0.0 4.0 0.0
0.473751817625 5497424.54708424 1042646.2299164231 1.5375 0.0 2456257.10003 0.0 4.0 0.0
0.474937865644 5501873.965783217 1043699.8383642662 1.5375 0.0 2456257.10148 0.0 4.0 0.0
0.477309825403 5503646.774784583 1044265.6087661374 1.5375 0.0 2456257.10437 0.0 4.0 0.0
0.478495719967 5504015.420435285 1044413.2179888093 1.5375 0.0 2456257.10582 0.0 4.0 0.0
0.47968177333 5505897.375217882 1044690.3108231927 1.5375 0.0 2456257.10727 0.0 4.0 0.0
0.480867673619 5504113.233663799 1044405.547875389 1.5375 0.0 2456257.10871 0.0 4.0 0.0
0.482053719729 5506099.626908476 1044627.3589240585 1.5375 0.0 2456257.11016 0.0 4.0 0.0
0.483239612383 5504349.661740496 1044324.6919909429 1.5375 0.0 2456257.11161 0.0 4.0 0.0
0.484425658875 5504451.909669172 1044306.8143517115 1.5375 0.0 2456257.11305 0.0 4.0 0.0
0.485611547331 5505387.371588296 1044603.7919037804 1.5375 0.0 2456257.1145 0.0 4.0 0.0
0.486797585424 5507244.023025051 1045111.4380054227 1.5375 0.0 2456257.11595 0.0 4.0 0.0
0.487983473498 5506829.6461063335 1044777.7616566871 1.5375 0.0 2456257.11739 0.0 4.0 0.0
0.489169507011 5506793.1837732075 1044649.109016802 1.5375 0.0 2456257.11884 0.0 4.0 0.0
0.490355385924 5507584.942501627 1044947.9951819008 1.5375 0.0 2456257.12029 0.0 4.0 0.0
0.491541419437 5509042.824994262 1045258.4090929412 1.5375 0.0 2456257.12173 0.0 4.0 0.0
0.49272729415 5509869.229313015 1045412.6215592036 1.5375 0.0 2456257.12318 0.0 4.0 0.0
0.493913319265 5510892.086608164 1045707.8288938007 1.5375 0.0 2456257.12463 0.0 4.0 0.0
0.495099194741 5510451.423948584 1045362.2551369482 1.5375 0.0 2456257.12607 0.0 4.0 0.0
0.496285216421 5511253.248505625 1045588.3081366335 1.5375 0.0 2456257.12752 0.0 4.0 0.0
0.497471085027 5512838.067539015 1045897.6515778346 1.5375 0.0 2456257.12897 0.0 4.0 0.0
0.499842975693 5512616.711856311 1046121.6089472349 1.5375 0.0 2456257.13186 0.0 4.0 0.0
-0.496599113106 5508438.799306263 1045175.4912127117 1.5375 0.0 2456257.1362 0.0 4.0 0.0
-0.471750918233 5493588.555789878 1042070.7139681207 1.5375 0.0 2456257.16651 0.0 4.0 0.0
-0.468192911218 5508339.706358061 1045276.1123218406 1.5375 0.0 2456257.17085 0.0 4.0 0.0
-0.467007012455 5506151.787563653 1044537.4507789763 1.5375 0.0 2456257.1723 0.0 4.0 0.0
-0.465820963673 5512076.857399938 1045996.9157304263 1.5375 0.0 2456257.17375 0.0 4.0 0.0
-0.464635063766 5511166.600281231 1045652.5011539093 1.5375 0.0 2456257.17519 0.0 4.0 0.0
-0.463449013457 5512156.259359243 1045911.1007572206 1.5375 0.0 2456257.17664 0.0 4.0 0.0
-0.46226312462 5514274.038774694 1046461.970582301 1.5375 0.0 2456257.17809 0.0 4.0 0.0
-0.46107707851 5516159.587888099 1046748.3258250193 1.5375 0.0 2456257.17953 0.0 4.0 0.0
-0.459891186237 5513322.600291741 1046106.1989065915 1.5375 0.0 2456257.18098 0.0 4.0 0.0
-0.458705152342 5514543.148525085 1046493.9124475048 1.5375 0.0 2456257.18243 0.0 4.0 0.0
-0.45751926465 5517473.859661998 1046970.3495916668 1.5375 0.0 2456257.18387 0.0 4.0 0.0
-0.456333226938 5518149.201911435 1046922.8957993464 1.5375 0.0 2456257.18532 0.0 4.0 0.0
-0.455147351843 5516871.460972526 1046652.3497249542 1.5375 0.0 2456257.18677 0.0 4.0 0.0
-0.453961319093 5517068.663149934 1046650.974330556 1.5375 0.0 2456257.18821 0.0 4.0 0.0
-0.452775439799 5515566.611788882 1046359.8575101878 1.5375 0.0 2456257.18966 0.0 4.0 0.0
-0.451589419265 5514454.651955679 1046027.2433535442 1.5375 0.0 2456257.19111 0.0 4.0 0.0
-0.450403543789 5517450.3887588205 1046905.8847702203 1.5375 0.0 2456257.19255 0.0 4.0 0.0
