#time 		photoelectrons 	error 		visit 	orbit 	scan 	wave_center 	wave_start 	wave_end
0.345126933741 5171217.221068496 979733.7889532071 1.5625 0.0 2456306.95783 1.0 9.0 0.0
0.34631307681 5201399.34721533 985482.8110412885 1.5625 0.0 2456306.95928 1.0 9.0 0.0
0.347498911442 5210321.916960981 986966.0933696972 1.5625 0.0 2456306.96073 1.0 9.0 0.0
0.348684744547 5218766.413520773 988509.8895760467 1.5625 0.0 2456306.96217 1.0 9.0 0.0
0.34987057956 5220311.421722411 988598.7620783788 1.5625 0.0 2456306.96362 1.0 9.0 0.0
0.35105671156 5227535.368529131 990115.4919986994 1.5625 0.0 2456306.96507 1.0 9.0 0.0
0.352242537411 5231698.1243075775 990926.7274438698 1.5625 0.0 2456306.96651 1.0 9.0 0.0
0.353428365554 5232775.578726403 991068.905117292 1.5625 0.0 2456306.96796 1.0 9.0 0.0
0.354614185679 5230305.376756782 990383.8289010258 1.5625 0.0 2456306.96941 1.0 9.0 0.0
0.355800306609 5232271.7486230405 990962.876774686 1.5625 0.0 2456306.97085 1.0 9.0 0.0
0.356986124826 5233468.578333239 991130.0754860478 1.5625 0.0 2456306.9723 1.0 9.0 0.0
0.358171936172 5235339.233938468 991591.8198986611 1.5625 0.0 2456306.97375 1.0 9.0 0.0
0.359357744464 5233743.809912226 991267.2026430732 1.5625 0.0 2456306.97519 1.0 9.0 0.0
0.360543856995 5230114.0675766375 990184.0997518855 1.5625 0.0 2456306.97664 1.0 9.0 0.0
0.36172965918 5232816.745543495 991269.6115013034 1.5625 0.0 2456306.97809 1.0 9.0 0.0
0.362915459074 5230234.73481504 990389.4117390306 1.5625 0.0 2456306.97953 1.0 9.0 0.0
0.364101260495 5230016.908651054 990392.4227799338 1.5625 0.0 2456306.98098 1.0 9.0 0.0
0.365287363483 5228186.661808468 990015.4902777071 1.5625 0.0 2456306.98243 1.0 9.0 0.0
0.366473152689 5226711.28072238 989656.3205406626 1.5625 0.0 2456306.98387 1.0 9.0 0.0
0.367658949147 5228534.756836087 990427.6520217654 1.5625 0.0 2456306.98532 1.0 9.0 0.0
0.368844745224 5227704.351021 990016.0061296135 1.5625 0.0 2456306.98677 1.0 9.0 0.0
0.370030835233 5223923.284925809 989224.5803726136 1.5625 0.0 2456306.98821 1.0 9.0 0.0
0.371216630547 5228824.357546233 990368.92993582 1.5625 0.0 2456306.98966 1.0 9.0 0.0
0.37240242586 5226147.4936148925 989735.0293818224 1.5625 0.0 2456306.99111 1.0 9.0 0.0
0.397837392006 5225261.377861911 989256.467859445 1.5625 0.0 2456307.02213 1.0 9.0 0.0
0.399023527822 5228895.135733874 990150.5457089682 1.5625 0.0 2456307.02358 1.0 9.0 0.0
0.400209367798 5231388.871612364 990850.7281685662 1.5625 0.0 2456307.02503 1.0 9.0 0.0
0.401395206629 5234841.280791337 991386.8860352304 1.5625 0.0 2456307.02647 1.0 9.0 0.0
0.402581036298 5235914.698566723 991596.980681207 1.5625 0.0 2456307.02792 1.0 9.0 0.0
0.403767175932 5233295.497954353 990950.0267235871 1.5625 0.0 2456307.02937 1.0 9.0 0.0
0.40613883298 5236116.771047383 991686.0734265887 1.5625 0.0 2456307.03226 1.0 9.0 0.0
0.407324661885 5233801.185398221 991083.7440170412 1.5625 0.0 2456307.03371 1.0 9.0 0.0
0.409696605613 5233959.691091138 991250.4650776519 1.5625 0.0 2456307.0366 1.0 9.0 0.0
0.410882425357 5233567.849965102 990923.2729088747 1.5625 0.0 2456307.03805 1.0 9.0 0.0
0.412068242811 5229550.510677069 990116.0642227395 1.5625 0.0 2456307.03949 1.0 9.0 0.0
0.413254355342 5231140.3704157155 990707.5283830081 1.5625 0.0 2456307.04094 1.0 9.0 0.0
0.414440162107 5230124.60819135 990472.8976582435 1.5625 0.0 2456307.04239 1.0 9.0 0.0
0.415625969636 5232791.271458612 991115.8527692917 1.5625 0.0 2456307.04383 1.0 9.0 0.0
0.416811770675 5230549.305979691 990381.0211473387 1.5625 0.0 2456307.04528 1.0 9.0 0.0
0.417997872518 5232415.48875997 990768.4721007412 1.5625 0.0 2456307.04673 1.0 9.0 0.0
0.419183673176 5230677.756678518 990626.0614986289 1.5625 0.0 2456307.04817 1.0 9.0 0.0
0.420369467344 5231410.952187784 990751.723567657 1.5625 0.0 2456307.04962 1.0 9.0 0.0
0.452303218394 5219315.3157946365 988014.0318411016 1.5625 0.0 2456307.08858 1.0 9.0 0.0
0.453489058752 5223801.366808901 989340.4884802822 1.5625 0.0 2456307.09002 1.0 9.0 0.0
0.454674899109 5223523.597270232 989440.4107677363 1.5625 0.0 2456307.09147 1.0 9.0 0.0
0.455860729923 5224614.067671761 989404.6397990662 1.5625 0.0 2456307.09291 1.0 9.0 0.0
0.457046870702 5222456.473312527 989072.6244247393 1.5625 0.0 2456307.09436 1.0 9.0 0.0
0.458232706479 5222158.8064134 988851.3811939748 1.5625 0.0 2456307.09581 1.0 9.0 0.0
0.459418532331 5219415.547688088 988709.7565922027 1.5625 0.0 2456307.09726 1.0 9.0 0.0
0.460604363527 5217784.157990454 988157.9907792185 1.5625 0.0 2456307.0987 1.0 9.0 0.0
0.461790495908 5218270.86508974 988212.0318672602 1.5625 0.0 2456307.10015 1.0 9.0 0.0
0.462976313362 5217026.075704347 987852.9765831714 1.5625 0.0 2456307.1016 1.0 9.0 0.0
0.464162136542 5217361.718199148 988035.1529503367 1.5625 0.0 2456307.10304 1.0 9.0 0.0
0.465347956286 5219338.799911672 988500.1882303265 1.5625 0.0 2456307.10449 1.0 9.0 0.0
0.466534072253 5218237.561615496 988440.6814726875 1.5625 0.0 2456307.10594 1.0 9.0 0.0
0.46771988169 5221237.353591912 988837.2530786422 1.5625 0.0 2456307.10738 1.0 9.0 0.0
0.468905692273 5216687.341946929 988135.3785279086 1.5625 0.0 2456307.10883 1.0 9.0 0.0
0.470091496366 5218740.587152664 988221.2217179306 1.5625 0.0 2456307.11027 1.0 9.0 0.0
0.471277600499 5221942.332568549 988920.8781038722 1.5625 0.0 2456307.11172 1.0 9.0 0.0
0.472463403065 5221499.1938786255 989071.0745636085 1.5625 0.0 2456307.11317 1.0 9.0 0.0
0.473649199524 5221941.605738793 988830.733803761 1.5625 0.0 2456307.11461 1.0 9.0 0.0
0.474834994074 5221100.953041347 988617.141472938 1.5625 0.0 2456307.11606 1.0 9.0 0.0
0.476021094771 5221836.426838446 989004.3262411738 1.5625 0.0 2456307.11751 1.0 9.0 0.0
0.477206886649 5222963.674999129 988927.2126730316 1.5625 0.0 2456307.11895 1.0 9.0 0.0
0.478392829692 5221197.273269372 988993.3740706583 1.5625 0.0 2456307.1204 1.0 9.0 0.0
0.479578473077 5221341.755601325 988732.8324252211 1.5625 0.0 2456307.12185 1.0 9.0 0.0
0.480764567667 5222397.216590815 989166.763811292 1.5625 0.0 2456307.12329 1.0 9.0 0.0
-0.49322169025 5206991.965171894 985547.8646451036 1.5625 0.0 2456307.15503 1.0 9.0 0.0
-0.492036001439 5215289.039377758 987550.1818044843 1.5625 0.0 2456307.15647 1.0 9.0 0.0
-0.490849862568 5217717.286672645 988223.7516281806 1.5625 0.0 2456307.15792 1.0 9.0 0.0
-0.489664027937 5215850.710490382 987798.8964658364 1.5625 0.0 2456307.15937 1.0 9.0 0.0
-0.488478038704 5218484.029263059 988302.584558538 1.5625 0.0 2456307.16081 1.0 9.0 0.0
-0.487292358674 5218777.963157101 988213.2226340775 1.5625 0.0 2456307.16226 1.0 9.0 0.0
-0.486106225529 5222231.675262458 988897.8249210755 1.5625 0.0 2456307.16371 1.0 9.0 0.0
-0.484920394333 5222229.143442173 989111.2335318804 1.5625 0.0 2456307.16515 1.0 9.0 0.0
-0.483734418079 5222219.5937699145 988783.9450373896 1.5625 0.0 2456307.1666 1.0 9.0 0.0
-0.482548747973 5223907.33419955 989329.9875976152 1.5625 0.0 2456307.16805 1.0 9.0 0.0
-0.4813626217 5225798.410440682 989853.5705421887 1.5625 0.0 2456307.16949 1.0 9.0 0.0
-0.480176801956 5223701.319770496 989115.6039253097 1.5625 0.0 2456307.17094 1.0 9.0 0.0
-0.478990841735 5224543.738181744 989307.6080593857 1.5625 0.0 2456307.17239 1.0 9.0 0.0
-0.476619065969 5224217.102668688 989221.390733329 1.5625 0.0 2456307.17528 1.0 9.0 0.0
-0.474247309671 5223662.972801811 989205.1928603039 1.5625 0.0 2456307.17817 1.0 9.0 0.0
-0.470689764168 5222642.544436153 988998.7057647965 1.5625 0.0 2456307.18251 1.0 9.0 0.0
-0.468318179267 5220359.9149097055 988857.3830547745 1.5625 0.0 2456307.18541 1.0 9.0 0.0
-0.46713208086 5220758.133560058 988815.5538417466 1.5625 0.0 2456307.18685 1.0 9.0 0.0
-0.465946285165 5219655.7189548155 988398.8521491187 1.5625 0.0 2456307.1883 1.0 9.0 0.0
-0.464760346321 5219195.502845459 988338.4969470141 1.5625 0.0 2456307.18975 1.0 9.0 0.0
-0.438756315066 5207125.584641772 985650.7763991415 1.5625 0.0 2456307.22147 1.0 9.0 0.0
-0.437570175432 5215889.817138959 987528.7353900445 1.5625 0.0 2456307.22292 1.0 9.0 0.0
-0.436384340037 5215994.330277737 987945.47020819 1.5625 0.0 2456307.22436 1.0 9.0 0.0
-0.43519834966 5218300.346689083 988474.9539653887 1.5625 0.0 2456307.22581 1.0 9.0 0.0
-0.43401266772 5219295.81017443 988464.5093104913 1.5625 0.0 2456307.22726 1.0 9.0 0.0
-0.432826533049 5219115.387893076 988178.7862998683 1.5625 0.0 2456307.2287 1.0 9.0 0.0
-0.431640699562 5224771.177424317 989656.7670289701 1.5625 0.0 2456307.23015 1.0 9.0 0.0
-0.430454720637 5220655.607208086 988514.8157577461 1.5625 0.0 2456307.2316 1.0 9.0 0.0
-0.429269047859 5219332.08870323 988422.093667782 1.5625 0.0 2456307.23304 1.0 9.0 0.0
-0.428082918531 5223438.013917152 989134.8327792338 1.5625 0.0 2456307.23449 1.0 9.0 0.0
-0.426897095733 5221497.425465345 988932.0911118138 1.5625 0.0 2456307.23594 1.0 9.0 0.0
-0.425711132459 5225243.476883438 989594.553302413 1.5625 0.0 2456307.23738 1.0 9.0 0.0
-0.424525467315 5223387.613070775 989324.2769476741 1.5625 0.0 2456307.23883 1.0 9.0 0.0
-0.423339350585 5222849.400607617 988936.0673450271 1.5625 0.0 2456307.24028 1.0 9.0 0.0
-0.422153548019 5221227.353387152 988646.0173429283 1.5625 0.0 2456307.24172 1.0 9.0 0.0
-0.420967588562 5223194.086659138 989198.934880662 1.5625 0.0 2456307.24317 1.0 9.0 0.0
-0.419781935252 5224587.079455114 989450.1752231133 1.5625 0.0 2456307.24461 1.0 9.0 0.0
-0.418595837226 5221537.587750196 988562.170908696 1.5625 0.0 2456307.24606 1.0 9.0 0.0
-0.41741003695 5222691.18544116 989207.1431622743 1.5625 0.0 2456307.24751 1.0 9.0 0.0
-0.416224086654 5222326.559625635 988945.2374021218 1.5625 0.0 2456307.24895 1.0 9.0 0.0
0.318950816244 5199723.352886403 985005.8991965423 1.5625 0.0 2456256.9112 0.0 4.0 0.0
0.320136860827 5220227.345664661 988813.7145714617 1.5625 0.0 2456256.91264 0.0 4.0 0.0
0.321322755008 5230362.718821446 990665.7088933355 1.5625 0.0 2456256.91409 0.0 4.0 0.0
0.322508795011 5236159.579092119 991764.3073799298 1.5625 0.0 2456256.91554 0.0 4.0 0.0
0.323694680794 5238840.673402308 992347.5913652314 1.5625 0.0 2456256.91698 0.0 4.0 0.0
0.324880720415 5242399.119879339 992946.2459850752 1.5625 0.0 2456256.91843 0.0 4.0 0.0
0.326066601236 5241990.421899789 992513.4820381977 1.5625 0.0 2456256.91988 0.0 4.0 0.0
0.327252632077 5239595.617848334 992039.39494053 1.5625 0.0 2456256.92132 0.0 4.0 0.0
0.328438512897 5241607.948747974 992526.3665535721 1.5625 0.0 2456256.92277 0.0 4.0 0.0
0.329624539158 5240671.744895829 992166.2778440487 1.5625 0.0 2456256.92422 0.0 4.0 0.0
0.330810411581 5241422.613406913 992385.4342885723 1.5625 0.0 2456256.92566 0.0 4.0 0.0
0.331996438986 5244198.463212351 992992.0292542578 1.5625 0.0 2456256.92711 0.0 4.0 0.0
0.333182308355 5245060.123859263 993054.3436304521 1.5625 0.0 2456256.92856 0.0 4.0 0.0
0.334368328507 5243125.324318613 992710.7578905255 1.5625 0.0 2456256.93 0.0 4.0 0.0
0.335554200167 5243986.073156887 992971.3022647385 1.5625 0.0 2456256.93145 0.0 4.0 0.0
0.336740222991 5241061.030850989 992113.0374365967 1.5625 0.0 2456256.9329 0.0 4.0 0.0
0.337926085489 5243361.274577219 992881.233999776 1.5625 0.0 2456256.93434 0.0 4.0 0.0
0.339112108314 5238802.428044975 991833.0911330769 1.5625 0.0 2456256.93579 0.0 4.0 0.0
0.34029797921 5240297.373460109 992244.8677119686 1.5625 0.0 2456256.93724 0.0 4.0 0.0
0.364766831063 5222396.752256234 988529.7910273813 1.5625 0.0 2456256.96709 0.0 4.0 0.0
0.365952731734 5231434.653712469 990583.9069149796 1.5625 0.0 2456256.96853 0.0 4.0 0.0
0.367138787769 5229229.5719375685 989907.9666427802 1.5625 0.0 2456256.96998 0.0 4.0 0.0
0.368324692257 5233270.862616522 990687.8279670276 1.5625 0.0 2456256.97143 0.0 4.0 0.0
0.369510739131 5234150.811748943 991121.6693341067 1.5625 0.0 2456256.97287 0.0 4.0 0.0
0.370696640947 5231185.577895783 990046.1265897271 1.5625 0.0 2456256.97432 0.0 4.0 0.0
0.371882693165 5235835.902963255 991385.2701178639 1.5625 0.0 2456256.97577 0.0 4.0 0.0
0.37306858391 5234471.713370317 991007.8894187345 1.5625 0.0 2456256.97721 0.0 4.0 0.0
0.374254632311 5234655.970399678 990942.6313850256 1.5625 0.0 2456256.97866 0.0 4.0 0.0
0.375440527638 5235974.218200618 991278.7028497653 1.5625 0.0 2456256.98011 0.0 4.0 0.0
0.378998494571 5232225.5946282055 990425.4282930389 1.5625 0.0 2456256.98445 0.0 4.0 0.0
0.380184372338 5232808.67552945 990660.8093677168 1.5625 0.0 2456256.98589 0.0 4.0 0.0
0.381370407378 5235051.34984567 991292.9463529533 1.5625 0.0 2456256.98734 0.0 4.0 0.0
0.382556288962 5233703.826153254 990851.1904837413 1.5625 0.0 2456256.98879 0.0 4.0 0.0
0.383742311787 5231293.455681485 990527.4242380667 1.5625 0.0 2456256.99023 0.0 4.0 0.0
0.384928189172 5229306.713068251 989802.2264909759 1.5625 0.0 2456256.99168 0.0 4.0 0.0
0.386114216578 5229369.357886949 990299.1156120063 1.5625 0.0 2456256.99313 0.0 4.0 0.0
0.387300082511 5229379.242856818 990145.248968567 1.5625 0.0 2456256.99457 0.0 4.0 0.0
0.388486106863 5229677.3387216795 990234.482780895 1.5625 0.0 2456256.99602 0.0 4.0 0.0
0.389671978904 5227262.188667118 989518.3919889269 1.5625 0.0 2456256.99747 0.0 4.0 0.0
0.390857997529 5227739.394839903 989783.6044894428 1.5625 0.0 2456256.99891 0.0 4.0 0.0
0.392043864226 5231030.243310714 990564.7728448493 1.5625 0.0 2456257.00036 0.0 4.0 0.0
0.393229886669 5227222.841116788 989557.2168765711 1.5625 0.0 2456257.00181 0.0 4.0 0.0
0.394415753366 5227130.279221575 989489.014096076 1.5625 0.0 2456257.00325 0.0 4.0 0.0
0.395601772755 5230975.042275905 990711.3522516786 1.5625 0.0 2456257.0047 0.0 4.0 0.0
0.419264110474 5222586.15760636 988321.9710758768 1.5625 0.0 2456257.03357 0.0 4.0 0.0
0.420450006946 5226710.710199421 989444.8412445534 1.5625 0.0 2456257.03501 0.0 4.0 0.0
0.422821967088 5227783.902382456 989696.8034700523 1.5625 0.0 2456257.03791 0.0 4.0 0.0
0.424008017779 5230910.690141448 990544.885554266 1.5625 0.0 2456257.03935 0.0 4.0 0.0
0.426379967232 5232268.923219852 990613.0409136523 1.5625 0.0 2456257.04225 0.0 4.0 0.0
0.427565862177 5232358.523370282 990702.0842681215 1.5625 0.0 2456257.04369 0.0 4.0 0.0
0.42875190676 5230103.775296652 990198.1104979845 1.5625 0.0 2456257.04514 0.0 4.0 0.0
0.429937801323 5231720.867991157 990538.4208647914 1.5625 0.0 2456257.04659 0.0 4.0 0.0
0.431123841325 5231169.396826123 990652.6096382226 1.5625 0.0 2456257.04803 0.0 4.0 0.0
0.432309728254 5226203.438361843 989238.6769065318 1.5625 0.0 2456257.04948 0.0 4.0 0.0
0.433495767875 5231850.637267275 990575.8297615844 1.5625 0.0 2456257.05093 0.0 4.0 0.0
0.434681649841 5230098.951885948 990289.0892033883 1.5625 0.0 2456257.05237 0.0 4.0 0.0
0.435867680682 5229981.782609042 990325.8463684407 1.5625 0.0 2456257.05382 0.0 4.0 0.0
0.437053562266 5227258.997997777 989639.1014042838 1.5625 0.0 2456257.05527 0.0 4.0 0.0
0.438239588908 5228291.146105266 989988.2633120463 1.5625 0.0 2456257.05671 0.0 4.0 0.0
0.439425462476 5226028.1040316345 989512.5877254365 1.5625 0.0 2456257.05816 0.0 4.0 0.0
0.4406114895 5225476.644043302 989668.4039244393 1.5625 0.0 2456257.05961 0.0 4.0 0.0
0.441797359632 5227349.376614525 989610.9830810532 1.5625 0.0 2456257.06105 0.0 4.0 0.0
0.442983379785 5227173.453463288 989666.1859520685 1.5625 0.0 2456257.0625 0.0 4.0 0.0
0.444169251826 5228107.515538842 990156.065974764 1.5625 0.0 2456257.06395 0.0 4.0 0.0
0.44535527465 5225316.376109551 989063.4427977455 1.5625 0.0 2456257.06539 0.0 4.0 0.0
0.446541137148 5225491.971851795 989113.4075266684 1.5625 0.0 2456257.06684 0.0 4.0 0.0
0.447727159591 5226670.250846403 989389.5770291534 1.5625 0.0 2456257.06829 0.0 4.0 0.0
0.448913030487 5225736.698443647 989130.379260003 1.5625 0.0 2456257.06973 0.0 4.0 0.0
0.473751817625 5210860.442545007 986131.9030144208 1.5625 0.0 2456257.10003 0.0 4.0 0.0
0.474937865644 5212416.603350658 986710.6259858371 1.5625 0.0 2456257.10148 0.0 4.0 0.0
0.477309825403 5215517.09043042 987372.2114791863 1.5625 0.0 2456257.10437 0.0 4.0 0.0
0.478495719967 5216103.908161586 987603.5545942832 1.5625 0.0 2456257.10582 0.0 4.0 0.0
0.47968177333 5216630.722330869 987615.114317609 1.5625 0.0 2456257.10727 0.0 4.0 0.0
0.480867673619 5212563.6373403575 987051.6388384459 1.5625 0.0 2456257.10871 0.0 4.0 0.0
0.482053719729 5216709.0249330085 987583.0875296149 1.5625 0.0 2456257.11016 0.0 4.0 0.0
0.483239612383 5214992.950933896 987355.7499262567 1.5625 0.0 2456257.11161 0.0 4.0 0.0
0.484425658875 5216009.227546819 987457.2349354698 1.5625 0.0 2456257.11305 0.0 4.0 0.0
0.485611547331 5217918.537053564 987829.8906889812 1.5625 0.0 2456257.1145 0.0 4.0 0.0
0.486797585424 5218276.485421736 988083.703497626 1.5625 0.0 2456257.11595 0.0 4.0 0.0
0.487983473498 5217309.123084215 987865.9161332056 1.5625 0.0 2456257.11739 0.0 4.0 0.0
0.489169507011 5217712.297556423 987685.9279804048 1.5625 0.0 2456257.11884 0.0 4.0 0.0
0.490355385924 5219578.8891247 988081.4225903038 1.5625 0.0 2456257.12029 0.0 4.0 0.0
0.491541419437 5220422.589497508 988381.0027689197 1.5625 0.0 2456257.12173 0.0 4.0 0.0
0.49272729415 5222533.451707454 988746.2216554424 1.5625 0.0 2456257.12318 0.0 4.0 0.0
0.493913319265 5221591.678900448 988647.9995542523 1.5625 0.0 2456257.12463 0.0 4.0 0.0
0.495099194741 5223455.633678821 988753.4927976214 1.5625 0.0 2456257.12607 0.0 4.0 0.0
0.496285216421 5222889.725706503 988714.295485986 1.5625 0.0 2456257.12752 0.0 4.0 0.0
0.497471085027 5222647.881872539 988734.3979715278 1.5625 0.0 2456257.12897 0.0 4.0 0.0
0.499842975693 5223814.070701962 989134.0948093644 1.5625 0.0 2456257.13186 0.0 4.0 0.0
-0.496599113106 5222762.456674152 988748.3179577215 1.5625 0.0 2456257.1362 0.0 4.0 0.0
-0.471750918233 5208369.488127275 985781.1547547235 1.5625 0.0 2456257.16651 0.0 4.0 0.0
-0.468192911218 5220096.844836851 988368.3937736205 1.5625 0.0 2456257.17085 0.0 4.0 0.0
-0.467007012455 5217558.251830448 987652.7556410531 1.5625 0.0 2456257.1723 0.0 4.0 0.0
-0.465820963673 5223602.286073967 989123.6242186022 1.5625 0.0 2456257.17375 0.0 4.0 0.0
-0.464635063766 5220389.0183328735 988351.5626574863 1.5625 0.0 2456257.17519 0.0 4.0 0.0
-0.463449013457 5222550.781699631 988841.7755349259 1.5625 0.0 2456257.17664 0.0 4.0 0.0
-0.46226312462 5224669.340454225 989248.7541973192 1.5625 0.0 2456257.17809 0.0 4.0 0.0
-0.46107707851 5225284.393170454 989379.9646298656 1.5625 0.0 2456257.17953 0.0 4.0 0.0
-0.459891186237 5227308.35477738 989625.1844960507 1.5625 0.0 2456257.18098 0.0 4.0 0.0
-0.458705152342 5227080.746442223 989765.3316451241 1.5625 0.0 2456257.18243 0.0 4.0 0.0
-0.45751926465 5228091.963008414 989956.2755826873 1.5625 0.0 2456257.18387 0.0 4.0 0.0
-0.456333226938 5228358.580272177 989795.5259649742 1.5625 0.0 2456257.18532 0.0 4.0 0.0
-0.455147351843 5226503.113089506 989386.9871778699 1.5625 0.0 2456257.18677 0.0 4.0 0.0
-0.453961319093 5227874.193278939 989628.5372676692 1.5625 0.0 2456257.18821 0.0 4.0 0.0
-0.452775439799 5226380.98945078 989333.2010303393 1.5625 0.0 2456257.18966 0.0 4.0 0.0
-0.451589419265 5224450.330719088 988879.2421216667 1.5625 0.0 2456257.19111 0.0 4.0 0.0
-0.450403543789 5227480.902442886 989776.9405006323 1.5625 0.0 2456257.19255 0.0 4.0 0.0
