#time 		photoelectrons 	error 		visit 	orbit 	scan 	wave_center 	wave_start 	wave_end
0.345126933741 7031583.31744 1368154.94917 1.14105 0.0 2456306.95783 1.0 9.0 0.0
0.34631307681 7067761.66472 1375404.2848 1.14105 0.0 2456306.95928 1.0 9.0 0.0
0.347498911442 7079950.28245 1377783.53787 1.14105 0.0 2456306.96073 1.0 9.0 0.0
0.348684744547 7089979.307 1379622.73714 1.14105 0.0 2456306.96217 1.0 9.0 0.0
0.34987057956 7097426.66269 1381132.99353 1.14105 0.0 2456306.96362 1.0 9.0 0.0
0.35105671156 7099951.25733 1381649.4973 1.14105 0.0 2456306.96507 1.0 9.0 0.0
0.352242537411 7102680.7054 1382108.88162 1.14105 0.0 2456306.96651 1.0 9.0 0.0
0.353428365554 7106556.4514 1382917.60196 1.14105 0.0 2456306.96796 1.0 9.0 0.0
0.354614185679 7106819.18718 1382875.95673 1.14105 0.0 2456306.96941 1.0 9.0 0.0
0.355800306609 7109049.20747 1383353.12503 1.14105 0.0 2456306.97085 1.0 9.0 0.0
0.356986124826 7110301.45691 1383563.95567 1.14105 0.0 2456306.9723 1.0 9.0 0.0
0.358171936172 7112746.41975 1384140.17196 1.14105 0.0 2456306.97375 1.0 9.0 0.0
0.359357744464 7114745.4038 1384433.90685 1.14105 0.0 2456306.97519 1.0 9.0 0.0
0.360543856995 7110275.83425 1383558.40151 1.14105 0.0 2456306.97664 1.0 9.0 0.0
0.36172965918 7109379.07445 1383387.61666 1.14105 0.0 2456306.97809 1.0 9.0 0.0
0.362915459074 7105968.76029 1382806.6361 1.14105 0.0 2456306.97953 1.0 9.0 0.0
0.364101260495 7107997.47152 1383119.81834 1.14105 0.0 2456306.98098 1.0 9.0 0.0
0.365287363483 7104944.96324 1382437.83541 1.14105 0.0 2456306.98243 1.0 9.0 0.0
0.366473152689 7106822.59483 1382879.48331 1.14105 0.0 2456306.98387 1.0 9.0 0.0
0.367658949147 7105237.0328 1382715.63524 1.14105 0.0 2456306.98532 1.0 9.0 0.0
0.368844745224 7103373.21404 1382291.20759 1.14105 0.0 2456306.98677 1.0 9.0 0.0
0.370030835233 7103751.11896 1382298.0979 1.14105 0.0 2456306.98821 1.0 9.0 0.0
0.371216630547 7105593.4195 1382720.2231 1.14105 0.0 2456306.98966 1.0 9.0 0.0
0.37240242586 7105196.27732 1382617.35099 1.14105 0.0 2456306.99111 1.0 9.0 0.0
0.397837392006 7102554.34325 1381815.51735 1.14105 0.0 2456307.02213 1.0 9.0 0.0
0.399023527822 7112740.22703 1383985.73951 1.14105 0.0 2456307.02358 1.0 9.0 0.0
0.400209367798 7116910.96553 1384819.70848 1.14105 0.0 2456307.02503 1.0 9.0 0.0
0.401395206629 7117210.53841 1384868.54929 1.14105 0.0 2456307.02647 1.0 9.0 0.0
0.402581036298 7116700.92659 1384779.81976 1.14105 0.0 2456307.02792 1.0 9.0 0.0
0.403767175932 7120300.40534 1385541.0447 1.14105 0.0 2456307.02937 1.0 9.0 0.0
0.40613883298 7119162.44895 1385300.6104 1.14105 0.0 2456307.03226 1.0 9.0 0.0
0.407324661885 7121618.53284 1385821.23442 1.14105 0.0 2456307.03371 1.0 9.0 0.0
0.409696605613 7119635.18141 1385397.22377 1.14105 0.0 2456307.0366 1.0 9.0 0.0
0.410882425357 7117356.95855 1384934.8291 1.14105 0.0 2456307.03805 1.0 9.0 0.0
0.412068242811 7116082.4631 1384690.76504 1.14105 0.0 2456307.03949 1.0 9.0 0.0
0.413254355342 7116452.65262 1384759.59647 1.14105 0.0 2456307.04094 1.0 9.0 0.0
0.414440162107 7115596.262 1384671.57845 1.14105 0.0 2456307.04239 1.0 9.0 0.0
0.415625969636 7113963.1237 1384361.48057 1.14105 0.0 2456307.04383 1.0 9.0 0.0
0.416811770675 7115517.39075 1384641.26313 1.14105 0.0 2456307.04528 1.0 9.0 0.0
0.417997872518 7114073.81986 1384322.40068 1.14105 0.0 2456307.04673 1.0 9.0 0.0
0.419183673176 7111071.46877 1383657.49159 1.14105 0.0 2456307.04817 1.0 9.0 0.0
0.420369467344 7111159.28446 1383700.73086 1.14105 0.0 2456307.04962 1.0 9.0 0.0
0.452303218394 7102358.07154 1381792.3677 1.14105 0.0 2456307.08858 1.0 9.0 0.0
0.453489058752 7109466.50526 1383326.63211 1.14105 0.0 2456307.09002 1.0 9.0 0.0
0.454674899109 7107076.41605 1382931.18163 1.14105 0.0 2456307.09147 1.0 9.0 0.0
0.455860729923 7104070.01391 1382384.10716 1.14105 0.0 2456307.09291 1.0 9.0 0.0
0.457046870702 7104867.84872 1382534.61294 1.14105 0.0 2456307.09436 1.0 9.0 0.0
0.458232706479 7104155.90077 1382379.25163 1.14105 0.0 2456307.09581 1.0 9.0 0.0
0.459418532331 7100335.49647 1381723.29587 1.14105 0.0 2456307.09726 1.0 9.0 0.0
0.460604363527 7097332.96863 1381134.73134 1.14105 0.0 2456307.0987 1.0 9.0 0.0
0.461790495908 7097912.12874 1381180.68705 1.14105 0.0 2456307.10015 1.0 9.0 0.0
0.462976313362 7097772.89463 1381190.87543 1.14105 0.0 2456307.1016 1.0 9.0 0.0
0.464162136542 7095688.86542 1380762.82323 1.14105 0.0 2456307.10304 1.0 9.0 0.0
0.465347956286 7098831.34649 1381432.1709 1.14105 0.0 2456307.10449 1.0 9.0 0.0
0.466534072253 7097704.19248 1381139.67488 1.14105 0.0 2456307.10594 1.0 9.0 0.0
0.46771988169 7099584.71721 1381523.39664 1.14105 0.0 2456307.10738 1.0 9.0 0.0
0.468905692273 7101339.83729 1381882.13016 1.14105 0.0 2456307.10883 1.0 9.0 0.0
0.470091496366 7101208.93972 1381862.59881 1.14105 0.0 2456307.11027 1.0 9.0 0.0
0.471277600499 7102161.07045 1382049.80245 1.14105 0.0 2456307.11172 1.0 9.0 0.0
0.472463403065 7104727.42515 1382591.41177 1.14105 0.0 2456307.11317 1.0 9.0 0.0
0.473649199524 7104824.08378 1382485.88199 1.14105 0.0 2456307.11461 1.0 9.0 0.0
0.474834994074 7103597.92477 1382330.46688 1.14105 0.0 2456307.11606 1.0 9.0 0.0
0.476021094771 7105440.81581 1382627.77369 1.14105 0.0 2456307.11751 1.0 9.0 0.0
0.477206886649 7104802.01332 1382589.9412 1.14105 0.0 2456307.11895 1.0 9.0 0.0
0.478392829692 7105945.08851 1382847.4936 1.14105 0.0 2456307.1204 1.0 9.0 0.0
0.479578473077 7105863.81781 1382690.48948 1.14105 0.0 2456307.12185 1.0 9.0 0.0
0.480764567667 7105563.50226 1382698.35625 1.14105 0.0 2456307.12329 1.0 9.0 0.0
-0.49322169025 7084770.09855 1378349.82174 1.14105 0.0 2456307.15503 1.0 9.0 0.0
-0.492036001439 7094610.4811 1380374.72176 1.14105 0.0 2456307.15647 1.0 9.0 0.0
-0.490849862568 7098666.56161 1381256.10928 1.14105 0.0 2456307.15792 1.0 9.0 0.0
-0.489664027937 7097418.72476 1381058.90907 1.14105 0.0 2456307.15937 1.0 9.0 0.0
-0.488478038704 7102670.89484 1382177.43428 1.14105 0.0 2456307.16081 1.0 9.0 0.0
-0.487292358674 7101572.16354 1381907.44695 1.14105 0.0 2456307.16226 1.0 9.0 0.0
-0.486106225529 7104027.44786 1382478.63893 1.14105 0.0 2456307.16371 1.0 9.0 0.0
-0.484920394333 7107754.53182 1383121.93383 1.14105 0.0 2456307.16515 1.0 9.0 0.0
-0.483734418079 7107209.8201 1382932.75133 1.14105 0.0 2456307.1666 1.0 9.0 0.0
-0.482548747973 7108245.89633 1383234.74747 1.14105 0.0 2456307.16805 1.0 9.0 0.0
-0.4813626217 7111923.57019 1383904.94794 1.14105 0.0 2456307.16949 1.0 9.0 0.0
-0.480176801956 7110879.14593 1383568.74616 1.14105 0.0 2456307.17094 1.0 9.0 0.0
-0.478990841735 7112254.32898 1383856.64934 1.14105 0.0 2456307.17239 1.0 9.0 0.0
-0.476619065969 7112177.51379 1383890.44157 1.14105 0.0 2456307.17528 1.0 9.0 0.0
-0.474247309671 7110662.74445 1383574.96203 1.14105 0.0 2456307.17817 1.0 9.0 0.0
-0.470689764168 7107511.20378 1383008.68537 1.14105 0.0 2456307.18251 1.0 9.0 0.0
-0.468318179267 7101529.51011 1381917.45355 1.14105 0.0 2456307.18541 1.0 9.0 0.0
-0.46713208086 7102416.544 1382169.12879 1.14105 0.0 2456307.18685 1.0 9.0 0.0
-0.465946285165 7100292.35216 1381682.45114 1.14105 0.0 2456307.1883 1.0 9.0 0.0
-0.464760346321 7100281.53653 1381626.12925 1.14105 0.0 2456307.18975 1.0 9.0 0.0
-0.438756315066 7087637.40061 1378901.07454 1.14105 0.0 2456307.22147 1.0 9.0 0.0
-0.437570175432 7093723.27671 1380341.53502 1.14105 0.0 2456307.22292 1.0 9.0 0.0
-0.436384340037 7095970.05954 1380908.90541 1.14105 0.0 2456307.22436 1.0 9.0 0.0
-0.43519834966 7097389.65072 1381137.53133 1.14105 0.0 2456307.22581 1.0 9.0 0.0
-0.43401266772 7099266.26166 1381481.18101 1.14105 0.0 2456307.22726 1.0 9.0 0.0
-0.432826533049 7102471.74163 1382140.86906 1.14105 0.0 2456307.2287 1.0 9.0 0.0
-0.431640699562 7101137.36932 1381932.94429 1.14105 0.0 2456307.23015 1.0 9.0 0.0
-0.430454720637 7103823.82193 1382292.07878 1.14105 0.0 2456307.2316 1.0 9.0 0.0
-0.429269047859 7102742.89214 1382216.99278 1.14105 0.0 2456307.23304 1.0 9.0 0.0
-0.428082918531 7105482.70735 1382625.87338 1.14105 0.0 2456307.23449 1.0 9.0 0.0
-0.426897095733 7105463.88716 1382709.69353 1.14105 0.0 2456307.23594 1.0 9.0 0.0
-0.425711132459 7105651.37259 1382683.97185 1.14105 0.0 2456307.23738 1.0 9.0 0.0
-0.424525467315 7107253.55901 1383054.03455 1.14105 0.0 2456307.23883 1.0 9.0 0.0
-0.423339350585 7106338.87962 1382769.8173 1.14105 0.0 2456307.24028 1.0 9.0 0.0
-0.422153548019 7103703.84891 1382283.83346 1.14105 0.0 2456307.24172 1.0 9.0 0.0
-0.420967588562 7103485.11976 1382189.01496 1.14105 0.0 2456307.24317 1.0 9.0 0.0
-0.419781935252 7105121.3193 1382603.0179 1.14105 0.0 2456307.24461 1.0 9.0 0.0
-0.418595837226 7103623.75311 1382288.2913 1.14105 0.0 2456307.24606 1.0 9.0 0.0
-0.41741003695 7105964.67739 1382799.05127 1.14105 0.0 2456307.24751 1.0 9.0 0.0
-0.416224086654 7102905.60393 1382107.82665 1.14105 0.0 2456307.24895 1.0 9.0 0.0
0.318950816244 7070143.8719 1375772.83225 1.14105 0.0 2456256.9112 0.0 4.0 0.0
0.320136860827 7087478.223 1379204.76433 1.14105 0.0 2456256.91264 0.0 4.0 0.0
0.321322755008 7095619.70822 1380696.74017 1.14105 0.0 2456256.91409 0.0 4.0 0.0
0.322508795011 7102489.67872 1382014.27169 1.14105 0.0 2456256.91554 0.0 4.0 0.0
0.323694680794 7104966.19751 1382505.6554 1.14105 0.0 2456256.91698 0.0 4.0 0.0
0.324880720415 7108358.27218 1383166.15372 1.14105 0.0 2456256.91843 0.0 4.0 0.0
0.326066601236 7108417.99068 1383059.7655 1.14105 0.0 2456256.91988 0.0 4.0 0.0
0.327252632077 7108665.58476 1383077.63366 1.14105 0.0 2456256.92132 0.0 4.0 0.0
0.328438512897 7111803.11091 1383734.06386 1.14105 0.0 2456256.92277 0.0 4.0 0.0
0.329624539158 7112877.46536 1383885.71803 1.14105 0.0 2456256.92422 0.0 4.0 0.0
0.330810411581 7113723.44061 1384028.56134 1.14105 0.0 2456256.92566 0.0 4.0 0.0
0.331996438986 7114109.71574 1384052.33807 1.14105 0.0 2456256.92711 0.0 4.0 0.0
0.333182308355 7115249.7266 1384344.75761 1.14105 0.0 2456256.92856 0.0 4.0 0.0
0.334368328507 7114298.63466 1384194.94797 1.14105 0.0 2456256.93 0.0 4.0 0.0
0.335554200167 7112584.32985 1383846.56367 1.14105 0.0 2456256.93145 0.0 4.0 0.0
0.336740222991 7115387.68454 1384368.4303 1.14105 0.0 2456256.9329 0.0 4.0 0.0
0.337926085489 7113054.76365 1383939.93927 1.14105 0.0 2456256.93434 0.0 4.0 0.0
0.339112108314 7112987.82287 1383883.59088 1.14105 0.0 2456256.93579 0.0 4.0 0.0
0.34029797921 7113054.81473 1383974.19146 1.14105 0.0 2456256.93724 0.0 4.0 0.0
0.364766831063 7084735.30631 1378290.21889 1.14105 0.0 2456256.96709 0.0 4.0 0.0
0.365952731734 7094107.97909 1380187.16416 1.14105 0.0 2456256.96853 0.0 4.0 0.0
0.367138787769 7098681.21558 1381106.43738 1.14105 0.0 2456256.96998 0.0 4.0 0.0
0.368324692257 7099855.40221 1381391.55935 1.14105 0.0 2456256.97143 0.0 4.0 0.0
0.369510739131 7103698.09586 1382064.88303 1.14105 0.0 2456256.97287 0.0 4.0 0.0
0.370696640947 7101806.94671 1381666.97578 1.14105 0.0 2456256.97432 0.0 4.0 0.0
0.371882693165 7107818.48095 1382911.45766 1.14105 0.0 2456256.97577 0.0 4.0 0.0
0.37306858391 7104034.17457 1382143.68597 1.14105 0.0 2456256.97721 0.0 4.0 0.0
0.374254632311 7107395.87179 1382833.22714 1.14105 0.0 2456256.97866 0.0 4.0 0.0
0.375440527638 7106691.25809 1382720.15933 1.14105 0.0 2456256.98011 0.0 4.0 0.0
0.378998494571 7107267.52367 1382780.85455 1.14105 0.0 2456256.98445 0.0 4.0 0.0
0.380184372338 7107148.42412 1382767.0826 1.14105 0.0 2456256.98589 0.0 4.0 0.0
0.381370407378 7106213.50376 1382557.19231 1.14105 0.0 2456256.98734 0.0 4.0 0.0
0.382556288962 7105165.33696 1382355.66619 1.14105 0.0 2456256.98879 0.0 4.0 0.0
0.383742311787 7100912.98346 1381485.9958 1.14105 0.0 2456256.99023 0.0 4.0 0.0
0.384928189172 7100893.03505 1381424.21097 1.14105 0.0 2456256.99168 0.0 4.0 0.0
0.386114216578 7097369.05341 1380853.07598 1.14105 0.0 2456256.99313 0.0 4.0 0.0
0.387300082511 7101173.66682 1381593.33375 1.14105 0.0 2456256.99457 0.0 4.0 0.0
0.388486106863 7099948.04149 1381452.26701 1.14105 0.0 2456256.99602 0.0 4.0 0.0
0.389671978904 7097516.94697 1380934.81839 1.14105 0.0 2456256.99747 0.0 4.0 0.0
0.390857997529 7100773.06856 1381570.31573 1.14105 0.0 2456256.99891 0.0 4.0 0.0
0.392043864226 7101081.76092 1381612.18582 1.14105 0.0 2456257.00036 0.0 4.0 0.0
0.393229886669 7098152.71974 1381031.29944 1.14105 0.0 2456257.00181 0.0 4.0 0.0
0.394415753366 7100020.38871 1381389.14606 1.14105 0.0 2456257.00325 0.0 4.0 0.0
0.395601772755 7103262.37196 1382058.49002 1.14105 0.0 2456257.0047 0.0 4.0 0.0
0.419264110474 7095657.42405 1380249.03855 1.14105 0.0 2456257.03357 0.0 4.0 0.0
0.420450006946 7103932.46453 1382031.52146 1.14105 0.0 2456257.03501 0.0 4.0 0.0
0.422821967088 7105600.61158 1382432.66547 1.14105 0.0 2456257.03791 0.0 4.0 0.0
0.424008017779 7106061.55889 1382578.16864 1.14105 0.0 2456257.03935 0.0 4.0 0.0
0.426379967232 7107791.09826 1382864.57486 1.14105 0.0 2456257.04225 0.0 4.0 0.0
0.427565862177 7106744.49693 1382665.9194 1.14105 0.0 2456257.04369 0.0 4.0 0.0
0.42875190676 7106072.09322 1382456.00357 1.14105 0.0 2456257.04514 0.0 4.0 0.0
0.429937801323 7106651.42343 1382665.29336 1.14105 0.0 2456257.04659 0.0 4.0 0.0
0.431123841325 7105124.03901 1382326.60106 1.14105 0.0 2456257.04803 0.0 4.0 0.0
0.432309728254 7102942.54356 1381924.69787 1.14105 0.0 2456257.04948 0.0 4.0 0.0
0.433495767875 7102588.59655 1381946.40765 1.14105 0.0 2456257.05093 0.0 4.0 0.0
0.434681649841 7102817.47952 1381900.94011 1.14105 0.0 2456257.05237 0.0 4.0 0.0
0.435867680682 7102573.22435 1381921.411 1.14105 0.0 2456257.05382 0.0 4.0 0.0
0.437053562266 7101558.67214 1381613.65767 1.14105 0.0 2456257.05527 0.0 4.0 0.0
0.438239588908 7102397.72456 1381806.32272 1.14105 0.0 2456257.05671 0.0 4.0 0.0
0.439425462476 7101172.72197 1381615.71607 1.14105 0.0 2456257.05816 0.0 4.0 0.0
0.4406114895 7098991.82942 1381216.39922 1.14105 0.0 2456257.05961 0.0 4.0 0.0
0.441797359632 7101884.49789 1381727.87355 1.14105 0.0 2456257.06105 0.0 4.0 0.0
0.442983379785 7101928.06447 1381795.13281 1.14105 0.0 2456257.0625 0.0 4.0 0.0
0.444169251826 7099504.12368 1381274.24297 1.14105 0.0 2456257.06395 0.0 4.0 0.0
0.44535527465 7101969.67667 1381722.23691 1.14105 0.0 2456257.06539 0.0 4.0 0.0
0.446541137148 7102709.37521 1381888.40936 1.14105 0.0 2456257.06684 0.0 4.0 0.0
0.447727159591 7103303.82041 1381996.81129 1.14105 0.0 2456257.06829 0.0 4.0 0.0
0.448913030487 7104796.19951 1382270.98315 1.14105 0.0 2456257.06973 0.0 4.0 0.0
0.473751817625 7084383.26933 1377966.08053 1.14105 0.0 2456257.10003 0.0 4.0 0.0
0.474937865644 7092199.96621 1379803.59042 1.14105 0.0 2456257.10148 0.0 4.0 0.0
0.477309825403 7091891.96696 1379769.87442 1.14105 0.0 2456257.10437 0.0 4.0 0.0
0.478495719967 7094346.95971 1380288.50858 1.14105 0.0 2456257.10582 0.0 4.0 0.0
0.47968177333 7093902.43933 1380272.02102 1.14105 0.0 2456257.10727 0.0 4.0 0.0
0.480867673619 7094685.49686 1380346.06064 1.14105 0.0 2456257.10871 0.0 4.0 0.0
0.482053719729 7093126.9114 1380052.82584 1.14105 0.0 2456257.11016 0.0 4.0 0.0
0.483239612383 7094022.95977 1380146.09922 1.14105 0.0 2456257.11161 0.0 4.0 0.0
0.484425658875 7093762.74007 1380120.03769 1.14105 0.0 2456257.11305 0.0 4.0 0.0
0.485611547331 7094358.95047 1380199.87517 1.14105 0.0 2456257.1145 0.0 4.0 0.0
0.486797585424 7100053.98903 1381393.13819 1.14105 0.0 2456257.11595 0.0 4.0 0.0
0.487983473498 7099390.97682 1381259.06471 1.14105 0.0 2456257.11739 0.0 4.0 0.0
0.489169507011 7098020.82933 1380961.86825 1.14105 0.0 2456257.11884 0.0 4.0 0.0
0.490355385924 7103039.03281 1381928.75735 1.14105 0.0 2456257.12029 0.0 4.0 0.0
0.491541419437 7104881.69552 1382343.23893 1.14105 0.0 2456257.12173 0.0 4.0 0.0
0.49272729415 7106434.57562 1382572.30296 1.14105 0.0 2456257.12318 0.0 4.0 0.0
0.493913319265 7105011.63738 1382352.42534 1.14105 0.0 2456257.12463 0.0 4.0 0.0
0.495099194741 7107715.04963 1382816.8224 1.14105 0.0 2456257.12607 0.0 4.0 0.0
0.496285216421 7106092.13569 1382504.11921 1.14105 0.0 2456257.12752 0.0 4.0 0.0
0.497471085027 7108392.80131 1382979.41575 1.14105 0.0 2456257.12897 0.0 4.0 0.0
0.499842975693 7108617.06002 1383058.52745 1.14105 0.0 2456257.13186 0.0 4.0 0.0
-0.496599113106 7106907.88671 1382616.23481 1.14105 0.0 2456257.1362 0.0 4.0 0.0
-0.471750918233 7086231.71129 1378514.03665 1.14105 0.0 2456257.16651 0.0 4.0 0.0
-0.468192911218 7102428.24794 1381787.70214 1.14105 0.0 2456257.17085 0.0 4.0 0.0
-0.467007012455 7104343.17947 1382192.7363 1.14105 0.0 2456257.1723 0.0 4.0 0.0
-0.465820963673 7105534.02964 1382452.27316 1.14105 0.0 2456257.17375 0.0 4.0 0.0
-0.464635063766 7107063.45175 1382681.65027 1.14105 0.0 2456257.17519 0.0 4.0 0.0
-0.463449013457 7108174.95134 1382853.71733 1.14105 0.0 2456257.17664 0.0 4.0 0.0
-0.46226312462 7111547.2096 1383593.10882 1.14105 0.0 2456257.17809 0.0 4.0 0.0
-0.46107707851 7111957.86565 1383676.72934 1.14105 0.0 2456257.17953 0.0 4.0 0.0
-0.459891186237 7113908.3509 1384028.76666 1.14105 0.0 2456257.18098 0.0 4.0 0.0
-0.458705152342 7112835.37168 1383838.51305 1.14105 0.0 2456257.18243 0.0 4.0 0.0
-0.45751926465 7114165.09084 1384131.72081 1.14105 0.0 2456257.18387 0.0 4.0 0.0
-0.456333226938 7114311.75411 1384088.97843 1.14105 0.0 2456257.18532 0.0 4.0 0.0
-0.455147351843 7112811.72467 1383764.15833 1.14105 0.0 2456257.18677 0.0 4.0 0.0
-0.453961319093 7112852.73147 1383777.13993 1.14105 0.0 2456257.18821 0.0 4.0 0.0
-0.452775439799 7113715.48228 1383984.2559 1.14105 0.0 2456257.18966 0.0 4.0 0.0
-0.451589419265 7113247.97965 1383882.10101 1.14105 0.0 2456257.19111 0.0 4.0 0.0
-0.450403543789 7111875.66303 1383683.68086 1.14105 0.0 2456257.19255 0.0 4.0 0.0
