0 2456306.95783 20 24.361145 0.0
1 2456306.95928 17 26.092686 -0.633566703377
2 2456306.96073 15 28.185654 -0.481463263206
3 2456306.96217 13 31.679867 -0.850238231219
4 2456306.96362 12 24.388224 -0.601924477053
5 2456306.96507 17 26.484932 -1.13773154552
6 2456306.96651 18 15.617158 -1.02955452409
7 2456306.96796 15 20.584883 -1.38682452853
8 2456306.96941 17 25.638931 -1.61261004861
9 2456306.97085 12 16.805416 -2.07104591389
10 2456306.9723 18 16.825632 -2.4488237533
11 2456306.97375 14 14.840433 -2.87950357406
12 2456306.97519 16 20.349049 -3.09352143645
13 2456306.97664 11 20.774155 -3.40073615459
14 2456306.97809 17 15.8096 -3.80529277215
15 2456306.97953 15 17.621567 -4.12178757156
16 2456306.98098 15 21.6317 -4.49170092479
17 2456306.98243 17 18.075436 -5.56197061866
18 2456306.98387 14 22.527145 -6.9552382703
19 2456306.98532 15 14.3193 -7.27904893849
20 2456306.98677 14 21.430653 -8.02113996213
21 2456306.98821 15 24.763956 -8.40317227539
22 2456306.98966 12 18.379595 -8.4453332452
23 2456306.99111 14 24.180399 -9.11381266839
24 2456307.02213 12 31.451511 -6.16616062552
25 2456307.02358 12 27.716713 -5.96521825673
26 2456307.02503 12 22.929684 -5.95041549198
27 2456307.02647 12 29.040644 -5.87526386528
28 2456307.02792 13 19.299362 -6.00326287247
29 2456307.02937 15 28.48264 -5.95361398494
30 2456307.03226 14 20.682354 -6.65769582981
31 2456307.03371 18 23.701546 -7.12812130274
32 2456307.0366 15 17.543697 -7.63578506579
33 2456307.03805 15 24.29435 -8.13916749465
34 2456307.03949 14 24.44172 -8.41430824231
35 2456307.04094 15 25.007395 -8.91649525938
36 2456307.04239 16 24.791393 -8.91287936192
37 2456307.04383 16 14.099329 -9.37532916464
38 2456307.04528 16 21.47693 -9.89169314418
39 2456307.04673 21 19.286972 -9.86583093094
40 2456307.04817 16 20.767384 -10.9856934823
41 2456307.04962 15 23.353413 -11.8923286689
42 2456307.08858 15 35.519455 -12.3277546259
43 2456307.09002 14 32.106354 -12.5625359186
44 2456307.09147 17 25.294079 -12.3118208708
45 2456307.09291 21 26.150301 -12.433158485
46 2456307.09436 13 22.06055 -12.5152426379
47 2456307.09581 13 23.20177 -12.479278834
48 2456307.09726 15 25.136847 -12.4957178322
49 2456307.0987 12 25.283367 -12.8987747787
50 2456307.10015 14 21.54805 -13.4234879875
51 2456307.1016 17 17.629534 -13.4857796907
52 2456307.10304 15 21.035313 -14.1056595113
53 2456307.10449 15 14.676462 -14.2600121632
54 2456307.10594 15 20.485126 -14.6490827885
55 2456307.10738 21 23.329346 -14.9887828325
56 2456307.10883 16 22.74746 -15.2076955285
57 2456307.11027 17 19.872627 -15.5582853739
58 2456307.11172 13 21.438862 -15.9138725535
59 2456307.11317 16 22.710026 -16.0869785641
60 2456307.11461 17 21.29366 -16.8183373439
61 2456307.11606 13 25.818527 -17.9820970903
62 2456307.11751 15 14.947826 -19.0249053554
63 2456307.11895 17 19.855658 -20.0751732091
64 2456307.1204 22 19.338228 -20.2115407705
65 2456307.12185 15 18.021126 -20.7755048327
66 2456307.12329 19 20.246643 -21.3341432719
67 2456307.15503 21 40.37372 -18.5629287364
68 2456307.15647 21 30.205969 -18.6501875921
69 2456307.15792 14 27.284685 -18.494876839
70 2456307.15937 13 24.689749 -18.6266851682
71 2456307.16081 16 23.78231 -18.5757062721
72 2456307.16226 15 25.299742 -18.7469809114
73 2456307.16371 15 18.537992 -18.9517190266
74 2456307.16515 14 20.231049 -19.0528847253
75 2456307.1666 17 22.812555 -19.2822612432
76 2456307.16805 18 23.223038 -19.7977950834
77 2456307.16949 17 20.848995 -20.2561181407
78 2456307.17094 15 20.695717 -20.4910564176
79 2456307.17239 14 17.754229 -20.9343706015
80 2456307.17528 20 19.027617 -21.5542851425
81 2456307.17817 13 18.780334 -22.1183770606
82 2456307.18251 20 16.40642 -24.0477331443
83 2456307.18541 19 14.367937 -25.6894347119
84 2456307.18685 24 15.535011 -25.9467826764
85 2456307.1883 15 21.19619 -26.6743401167
86 2456307.18975 21 22.079182 -27.333574409
87 2456307.22147 16 42.503067 -24.5854886767
88 2456307.22292 13 33.257164 -24.840002651
89 2456307.22436 20 31.692757 -24.3287497159
90 2456307.22581 16 24.60772 -24.4481829124
91 2456307.22726 17 22.776917 -24.4558959007
92 2456307.2287 15 22.408958 -24.5860419714
93 2456307.23015 14 17.840794 -25.000790978
94 2456307.2316 14 21.99282 -25.0481381331
95 2456307.23304 16 21.930996 -25.5905706503
96 2456307.23449 18 20.42775 -25.7861214891
97 2456307.23594 16 18.734476 -26.0484088286
98 2456307.23738 17 22.228134 -26.3823435329
99 2456307.23883 14 17.504501 -26.8182426744
100 2456307.24028 15 18.852407 -27.0833856018
101 2456307.24172 23 18.496279 -27.5783024727
102 2456307.24317 18 12.166791 -27.5990105355
103 2456307.24461 17 20.041763 -27.8336790256
104 2456307.24606 16 21.545982 -28.3280188808
105 2456307.24751 15 19.476513 -28.6416985864
106 2456307.24895 17 17.5865 -30.1736356082
107 2456256.9112 11 22.494774 -10.2039542825
108 2456256.91264 13 15.756898 -11.0919115917
109 2456256.91409 13 15.057417 -11.4938470165
110 2456256.91554 10 16.02507 -11.9389002282
111 2456256.91698 10 14.251345 -12.6980864551
112 2456256.91843 11 12.726448 -13.2585636393
113 2456256.91988 14 17.550613 -13.9027982228
114 2456256.92132 13 19.519474 -14.281498433
115 2456256.92277 12 14.632326 -14.6514192657
116 2456256.92422 18 23.714386 -15.196777843
117 2456256.92566 8 16.767517 -15.3326053403
118 2456256.92711 13 18.756054 -15.5848161619
119 2456256.92856 12 13.537209 -16.1590585794
120 2456256.93 9 17.81516 -16.4139308069
121 2456256.93145 10 17.12108 -16.7978150593
122 2456256.9329 11 15.663902 -17.1586923523
123 2456256.93434 11 10.998659 -17.4878787083
124 2456256.93579 14 23.612473 -17.7705421203
125 2456256.93724 12 17.511837 -17.7927854033
126 2456256.96709 12 29.902702 -15.5108694275
127 2456256.96853 11 22.541998 -16.0140133282
128 2456256.96998 9 22.81438 -16.4158824824
129 2456256.97143 8 23.94255 -16.8906851642
130 2456256.97287 13 21.953423 -17.3663687125
131 2456256.97432 10 20.236687 -18.1354591044
132 2456256.97577 11 18.762074 -18.6022740355
133 2456256.97721 13 18.97023 -19.2890823016
134 2456256.97866 10 23.762177 -20.0283532168
135 2456256.98011 15 14.940475 -20.4614469626
136 2456256.98445 11 19.601143 -22.7412128854
137 2456256.98589 11 16.454153 -23.16325309
138 2456256.98734 12 13.374022 -23.9946424752
139 2456256.98879 12 17.517738 -24.5728142763
140 2456256.99023 11 12.922147 -24.756912436
141 2456256.99168 11 15.112418 -25.2089321802
142 2456256.99313 15 12.417115 -25.7380013482
143 2456256.99457 11 17.39007 -25.8280673042
144 2456256.99602 12 18.76598 -26.2226422568
145 2456256.99747 15 19.97765 -26.4661922779
146 2456256.99891 13 11.261166 -26.8302256869
147 2456257.00036 13 15.198368 -27.0994493475
148 2456257.00181 16 17.122875 -27.7681551674
149 2456257.00325 12 14.124294 -28.1207512524
150 2456257.0047 11 18.086674 -28.0181169097
151 2456257.03357 14 33.61612 -26.7354083228
152 2456257.03501 13 26.13933 -27.1858862445
153 2456257.03791 13 22.22105 -27.9111127611
154 2456257.03935 13 19.836678 -28.4363827262
155 2456257.04225 12 23.122955 -29.5501462848
156 2456257.04369 11 15.57897 -29.9750422375
157 2456257.04514 17 16.736927 -30.8144157862
158 2456257.04659 12 17.674057 -31.4431181834
159 2456257.04803 13 19.588963 -31.7397243511
160 2456257.04948 11 24.258526 -32.8007344768
161 2456257.05093 11 22.434603 -33.4889279669
162 2456257.05237 13 12.794119 -34.1564042334
163 2456257.05382 13 16.794552 -34.9984342283
164 2456257.05527 12 16.627625 -35.2789127526
165 2456257.05671 13 12.715244 -35.7021841556
166 2456257.05816 18 14.6268635 -36.1563420856
167 2456257.05961 13 16.43346 -36.3272148295
168 2456257.06105 11 13.450872 -36.6344719017
169 2456257.0625 13 20.463211 -36.9449817477
170 2456257.06395 20 15.213762 -37.2690749156
171 2456257.06539 13 21.82967 -37.5796675611
172 2456257.06684 13 20.49022 -38.1652717765
173 2456257.06829 11 17.04771 -38.4911034784
174 2456257.06973 19 17.555452 -38.8904981993
175 2456257.10003 15 32.34415 -37.9320870696
176 2456257.10148 11 33.10925 -38.203231897
177 2456257.10437 12 24.278446 -39.082073847
178 2456257.10582 20 15.205315 -39.4638828374
179 2456257.10727 16 27.108597 -39.9790861233
180 2456257.10871 12 21.727972 -40.5284013707
181 2456257.11016 11 21.974186 -41.3278539453
182 2456257.11161 14 19.870245 -41.6918775803
183 2456257.11305 13 15.735802 -42.3257384537
184 2456257.1145 12 17.16954 -42.7730287574
185 2456257.11595 14 15.03488 -43.8519091307
186 2456257.11739 11 17.53908 -44.4212485628
187 2456257.11884 11 25.617573 -45.1003655393
188 2456257.12029 20 20.479805 -45.8606697272
189 2456257.12173 15 17.651617 -46.2197342262
190 2456257.12318 12 17.954006 -46.6409815342
191 2456257.12463 13 18.458786 -47.323906061
192 2456257.12607 14 21.296272 -47.4620225128
193 2456257.12752 13 18.32911 -47.7047391673
194 2456257.12897 11 18.694818 -47.9812058377
195 2456257.13186 20 16.609138 -48.4949320643
196 2456257.1362 14 20.224827 -49.769807906
197 2456257.16651 15 31.637974 -48.6545594562
198 2456257.17085 16 23.754532 -49.834987237
199 2456257.1723 14 29.603489 -50.374336418
200 2456257.17375 12 17.64376 -50.6917858643
201 2456257.17519 16 20.47818 -51.2453791276
202 2456257.17664 13 21.126564 -52.0327396519
203 2456257.17809 17 14.498142 -52.5405201859
204 2456257.17953 12 16.540161 -52.9685873147
205 2456257.18098 14 17.319561 -53.354297381
206 2456257.18243 10 17.604511 -54.2855156759
207 2456257.18387 11 17.924866 -55.1108812511
208 2456257.18532 14 19.824682 -55.770549002
209 2456257.18677 18 17.552732 -56.4625231277
210 2456257.18821 13 19.542938 -56.8854946053
211 2456257.18966 15 13.139626 -57.1109912175
212 2456257.19111 13 19.371147 -57.5242210499
213 2456257.19255 11 16.881699 -57.9826406917
