#time 		photoelectrons 	error 		visit 	orbit 	scan 	wave_center 	wave_start 	wave_end
0.345126933741 7135789.44512 836012.033732 1.36 0.0 2456306.95783 1.0 9.0 0.0
0.34631307681 7172212.83703 840364.050669 1.36 0.0 2456306.95928 1.0 9.0 0.0
0.347498911442 7187798.91097 842170.324064 1.36 0.0 2456306.96073 1.0 9.0 0.0
0.348684744547 7198091.66924 843315.508676 1.36 0.0 2456306.96217 1.0 9.0 0.0
0.34987057956 7202169.63055 843836.607302 1.36 0.0 2456306.96362 1.0 9.0 0.0
0.35105671156 7205304.60162 844221.649033 1.36 0.0 2456306.96507 1.0 9.0 0.0
0.352242537411 7210754.18087 844802.623173 1.36 0.0 2456306.96651 1.0 9.0 0.0
0.353428365554 7213488.66197 845113.879326 1.36 0.0 2456306.96796 1.0 9.0 0.0
0.354614185679 7214364.20563 845201.579206 1.36 0.0 2456306.96941 1.0 9.0 0.0
0.355800306609 7216528.29827 845490.929755 1.36 0.0 2456306.97085 1.0 9.0 0.0
0.356986124826 7216828.89745 845500.835049 1.36 0.0 2456306.9723 1.0 9.0 0.0
0.358171936172 7217087.08019 845594.255259 1.36 0.0 2456306.97375 1.0 9.0 0.0
0.359357744464 7216904.13406 845520.874013 1.36 0.0 2456306.97519 1.0 9.0 0.0
0.360543856995 7214535.53864 845235.030618 1.36 0.0 2456306.97664 1.0 9.0 0.0
0.36172965918 7216363.84585 845445.584262 1.36 0.0 2456306.97809 1.0 9.0 0.0
0.362915459074 7212308.34306 845029.881474 1.36 0.0 2456306.97953 1.0 9.0 0.0
0.364101260495 7212727.57344 845030.992168 1.36 0.0 2456306.98098 1.0 9.0 0.0
0.365287363483 7210707.24468 844765.457313 1.36 0.0 2456306.98243 1.0 9.0 0.0
0.366473152689 7210265.90542 844729.343999 1.36 0.0 2456306.98387 1.0 9.0 0.0
0.367658949147 7211224.79112 844903.842808 1.36 0.0 2456306.98532 1.0 9.0 0.0
0.368844745224 7210357.27749 844784.460527 1.36 0.0 2456306.98677 1.0 9.0 0.0
0.370030835233 7210393.03581 844756.697934 1.36 0.0 2456306.98821 1.0 9.0 0.0
0.371216630547 7211007.64325 844880.737579 1.36 0.0 2456306.98966 1.0 9.0 0.0
0.37240242586 7212134.53161 844987.901737 1.36 0.0 2456306.99111 1.0 9.0 0.0
0.397837392006 7205242.82535 844023.963255 1.36 0.0 2456307.02213 1.0 9.0 0.0
0.399023527822 7215212.99517 845306.513737 1.36 0.0 2456307.02358 1.0 9.0 0.0
0.400209367798 7217770.31837 845617.946687 1.36 0.0 2456307.02503 1.0 9.0 0.0
0.401395206629 7219709.25644 845819.619651 1.36 0.0 2456307.02647 1.0 9.0 0.0
0.402581036298 7221225.75347 846023.766765 1.36 0.0 2456307.02792 1.0 9.0 0.0
0.403767175932 7221463.4722 846089.424264 1.36 0.0 2456307.02937 1.0 9.0 0.0
0.40613883298 7222985.84747 846226.931783 1.36 0.0 2456307.03226 1.0 9.0 0.0
0.407324661885 7222552.85619 846201.255952 1.36 0.0 2456307.03371 1.0 9.0 0.0
0.409696605613 7222163.92869 846127.376305 1.36 0.0 2456307.0366 1.0 9.0 0.0
0.410882425357 7221091.85301 845995.146043 1.36 0.0 2456307.03805 1.0 9.0 0.0
0.412068242811 7219700.25945 845854.223256 1.36 0.0 2456307.03949 1.0 9.0 0.0
0.413254355342 7221276.63829 846022.192151 1.36 0.0 2456307.04094 1.0 9.0 0.0
0.414440162107 7221545.91476 846091.786842 1.36 0.0 2456307.04239 1.0 9.0 0.0
0.415625969636 7220859.58731 846015.281884 1.36 0.0 2456307.04383 1.0 9.0 0.0
0.416811770675 7217924.81424 845698.860093 1.36 0.0 2456307.04528 1.0 9.0 0.0
0.417997872518 7218787.39661 845722.613896 1.36 0.0 2456307.04673 1.0 9.0 0.0
0.419183673176 7218160.4691 845637.579485 1.36 0.0 2456307.04817 1.0 9.0 0.0
0.420369467344 7217785.05569 845608.575427 1.36 0.0 2456307.04962 1.0 9.0 0.0
0.452303218394 7204772.66356 844018.688947 1.36 0.0 2456307.08858 1.0 9.0 0.0
0.453489058752 7211968.93617 844922.018043 1.36 0.0 2456307.09002 1.0 9.0 0.0
0.454674899109 7212625.97301 845018.160669 1.36 0.0 2456307.09147 1.0 9.0 0.0
0.455860729923 7210418.97153 844765.80211 1.36 0.0 2456307.09291 1.0 9.0 0.0
0.457046870702 7209411.22313 844657.913152 1.36 0.0 2456307.09436 1.0 9.0 0.0
0.458232706479 7207147.86226 844394.095036 1.36 0.0 2456307.09581 1.0 9.0 0.0
0.459418532331 7203671.67549 844053.778663 1.36 0.0 2456307.09726 1.0 9.0 0.0
0.460604363527 7202917.14025 843914.41624 1.36 0.0 2456307.0987 1.0 9.0 0.0
0.461790495908 7202044.25501 843785.235121 1.36 0.0 2456307.10015 1.0 9.0 0.0
0.462976313362 7202870.89628 843914.144445 1.36 0.0 2456307.1016 1.0 9.0 0.0
0.464162136542 7203116.74922 843912.689724 1.36 0.0 2456307.10304 1.0 9.0 0.0
0.465347956286 7203017.07075 843945.399915 1.36 0.0 2456307.10449 1.0 9.0 0.0
0.466534072253 7203035.1631 843902.376782 1.36 0.0 2456307.10594 1.0 9.0 0.0
0.46771988169 7205120.20453 844175.378921 1.36 0.0 2456307.10738 1.0 9.0 0.0
0.468905692273 7204745.91894 844135.648661 1.36 0.0 2456307.10883 1.0 9.0 0.0
0.470091496366 7205640.87721 844246.604065 1.36 0.0 2456307.11027 1.0 9.0 0.0
0.471277600499 7208613.20286 844568.813117 1.36 0.0 2456307.11172 1.0 9.0 0.0
0.472463403065 7208110.48899 844535.58663 1.36 0.0 2456307.11317 1.0 9.0 0.0
0.473649199524 7208403.4227 844531.059752 1.36 0.0 2456307.11461 1.0 9.0 0.0
0.474834994074 7208608.09669 844573.86268 1.36 0.0 2456307.11606 1.0 9.0 0.0
0.476021094771 7210857.0822 844828.484329 1.36 0.0 2456307.11751 1.0 9.0 0.0
0.477206886649 7210342.34545 844790.630799 1.36 0.0 2456307.11895 1.0 9.0 0.0
0.478392829692 7210001.88539 844797.62114 1.36 0.0 2456307.1204 1.0 9.0 0.0
0.479578473077 7210811.71944 844808.92023 1.36 0.0 2456307.12185 1.0 9.0 0.0
0.480764567667 7209867.87128 844703.179827 1.36 0.0 2456307.12329 1.0 9.0 0.0
-0.49322169025 7192199.99579 842524.244695 1.36 0.0 2456307.15503 1.0 9.0 0.0
-0.492036001439 7200584.21747 843532.234984 1.36 0.0 2456307.15647 1.0 9.0 0.0
-0.490849862568 7204557.27375 844041.552791 1.36 0.0 2456307.15792 1.0 9.0 0.0
-0.489664027937 7205704.04843 844217.877695 1.36 0.0 2456307.15937 1.0 9.0 0.0
-0.488478038704 7207719.25193 844519.340356 1.36 0.0 2456307.16081 1.0 9.0 0.0
-0.487292358674 7210498.19746 844777.976687 1.36 0.0 2456307.16226 1.0 9.0 0.0
-0.486106225529 7209748.34103 844768.68354 1.36 0.0 2456307.16371 1.0 9.0 0.0
-0.484920394333 7211664.17461 844945.812644 1.36 0.0 2456307.16515 1.0 9.0 0.0
-0.483734418079 7212001.66071 844954.045851 1.36 0.0 2456307.1666 1.0 9.0 0.0
-0.482548747973 7213498.96766 845167.03726 1.36 0.0 2456307.16805 1.0 9.0 0.0
-0.4813626217 7212617.34874 845056.114311 1.36 0.0 2456307.16949 1.0 9.0 0.0
-0.480176801956 7214720.71873 845234.449038 1.36 0.0 2456307.17094 1.0 9.0 0.0
-0.478990841735 7215472.90369 845292.221021 1.36 0.0 2456307.17239 1.0 9.0 0.0
-0.476619065969 7214578.13706 845222.533491 1.36 0.0 2456307.17528 1.0 9.0 0.0
-0.474247309671 7215427.69106 845321.839944 1.36 0.0 2456307.17817 1.0 9.0 0.0
-0.470689764168 7210541.40289 844784.380591 1.36 0.0 2456307.18251 1.0 9.0 0.0
-0.468318179267 7209526.42841 844665.886046 1.36 0.0 2456307.18541 1.0 9.0 0.0
-0.46713208086 7206354.30393 844339.209207 1.36 0.0 2456307.18685 1.0 9.0 0.0
-0.465946285165 7206894.44218 844399.48282 1.36 0.0 2456307.1883 1.0 9.0 0.0
-0.464760346321 7205032.14728 844131.213418 1.36 0.0 2456307.18975 1.0 9.0 0.0
-0.438756315066 7192557.64991 842575.536567 1.36 0.0 2456307.22147 1.0 9.0 0.0
-0.437570175432 7201606.32956 843723.967669 1.36 0.0 2456307.22292 1.0 9.0 0.0
-0.436384340037 7204252.09967 844103.965731 1.36 0.0 2456307.22436 1.0 9.0 0.0
-0.43519834966 7207540.02087 844435.721145 1.36 0.0 2456307.22581 1.0 9.0 0.0
-0.43401266772 7207268.45112 844416.962385 1.36 0.0 2456307.22726 1.0 9.0 0.0
-0.432826533049 7209989.89083 844767.966443 1.36 0.0 2456307.2287 1.0 9.0 0.0
-0.431640699562 7208912.22712 844665.125698 1.36 0.0 2456307.23015 1.0 9.0 0.0
-0.430454720637 7210132.05395 844693.413637 1.36 0.0 2456307.2316 1.0 9.0 0.0
-0.429269047859 7211129.46062 844910.403313 1.36 0.0 2456307.23304 1.0 9.0 0.0
-0.428082918531 7212002.68177 844965.814901 1.36 0.0 2456307.23449 1.0 9.0 0.0
-0.426897095733 7213865.20988 845194.721373 1.36 0.0 2456307.23594 1.0 9.0 0.0
-0.425711132459 7214158.54217 845192.492038 1.36 0.0 2456307.23738 1.0 9.0 0.0
-0.424525467315 7213885.70401 845193.602879 1.36 0.0 2456307.23883 1.0 9.0 0.0
-0.423339350585 7212191.21422 844934.90699 1.36 0.0 2456307.24028 1.0 9.0 0.0
-0.422153548019 7212521.22047 844983.299015 1.36 0.0 2456307.24172 1.0 9.0 0.0
-0.420967588562 7212313.25227 844941.921536 1.36 0.0 2456307.24317 1.0 9.0 0.0
-0.419781935252 7211598.42521 844901.668471 1.36 0.0 2456307.24461 1.0 9.0 0.0
-0.418595837226 7210675.12432 844779.895479 1.36 0.0 2456307.24606 1.0 9.0 0.0
-0.41741003695 7211715.80271 844956.722358 1.36 0.0 2456307.24751 1.0 9.0 0.0
-0.416224086654 7210187.55271 844717.443887 1.36 0.0 2456307.24895 1.0 9.0 0.0
0.318950816244 7183269.05396 841499.941982 1.36 0.0 2456256.9112 0.0 4.0 0.0
0.320136860827 7204535.49771 844028.412474 1.36 0.0 2456256.91264 0.0 4.0 0.0
0.321322755008 7210286.61005 844666.318823 1.36 0.0 2456256.91409 0.0 4.0 0.0
0.322508795011 7217818.43843 845543.119325 1.36 0.0 2456256.91554 0.0 4.0 0.0
0.323694680794 7219990.21945 845783.795959 1.36 0.0 2456256.91698 0.0 4.0 0.0
0.324880720415 7224609.09985 846314.387324 1.36 0.0 2456256.91843 0.0 4.0 0.0
0.326066601236 7225662.2979 846373.641343 1.36 0.0 2456256.91988 0.0 4.0 0.0
0.327252632077 7225021.28714 846299.757354 1.36 0.0 2456256.92132 0.0 4.0 0.0
0.328438512897 7224981.72878 846316.732232 1.36 0.0 2456256.92277 0.0 4.0 0.0
0.329624539158 7227662.60131 846605.662132 1.36 0.0 2456256.92422 0.0 4.0 0.0
0.330810411581 7228651.87793 846716.225302 1.36 0.0 2456256.92566 0.0 4.0 0.0
0.331996438986 7228880.48274 846716.009915 1.36 0.0 2456256.92711 0.0 4.0 0.0
0.333182308355 7228848.83024 846735.457589 1.36 0.0 2456256.92856 0.0 4.0 0.0
0.334368328507 7227500.8243 846610.909089 1.36 0.0 2456256.93 0.0 4.0 0.0
0.335554200167 7228546.48263 846693.0668 1.36 0.0 2456256.93145 0.0 4.0 0.0
0.336740222991 7228650.59372 846726.027598 1.36 0.0 2456256.9329 0.0 4.0 0.0
0.337926085489 7227757.85135 846639.844806 1.36 0.0 2456256.93434 0.0 4.0 0.0
0.339112108314 7226628.75358 846479.082557 1.36 0.0 2456256.93579 0.0 4.0 0.0
0.34029797921 7227078.189 846567.249256 1.36 0.0 2456256.93724 0.0 4.0 0.0
0.364766831063 7200758.06053 843421.776367 1.36 0.0 2456256.96709 0.0 4.0 0.0
0.365952731734 7212767.45837 844842.635401 1.36 0.0 2456256.96853 0.0 4.0 0.0
0.367138787769 7213727.09347 844985.68581 1.36 0.0 2456256.96998 0.0 4.0 0.0
0.368324692257 7217272.73446 845411.142057 1.36 0.0 2456256.97143 0.0 4.0 0.0
0.369510739131 7218141.33603 845480.231593 1.36 0.0 2456256.97287 0.0 4.0 0.0
0.370696640947 7218080.89819 845454.616244 1.36 0.0 2456256.97432 0.0 4.0 0.0
0.371882693165 7222811.64891 846044.647419 1.36 0.0 2456256.97577 0.0 4.0 0.0
0.37306858391 7221382.75321 845861.948754 1.36 0.0 2456256.97721 0.0 4.0 0.0
0.374254632311 7221848.88897 845945.952003 1.36 0.0 2456256.97866 0.0 4.0 0.0
0.375440527638 7222009.90435 845960.77227 1.36 0.0 2456256.98011 0.0 4.0 0.0
0.378998494571 7219189.82588 845614.489225 1.36 0.0 2456256.98445 0.0 4.0 0.0
0.380184372338 7218030.78004 845481.481803 1.36 0.0 2456256.98589 0.0 4.0 0.0
0.381370407378 7219271.31803 845628.223839 1.36 0.0 2456256.98734 0.0 4.0 0.0
0.382556288962 7218708.65025 845544.31868 1.36 0.0 2456256.98879 0.0 4.0 0.0
0.383742311787 7217050.54286 845318.505507 1.36 0.0 2456256.99023 0.0 4.0 0.0
0.384928189172 7214936.0395 845039.307832 1.36 0.0 2456256.99168 0.0 4.0 0.0
0.386114216578 7214941.86739 845098.602288 1.36 0.0 2456256.99313 0.0 4.0 0.0
0.387300082511 7213228.16021 844929.951236 1.36 0.0 2456256.99457 0.0 4.0 0.0
0.388486106863 7213516.82707 844991.038953 1.36 0.0 2456256.99602 0.0 4.0 0.0
0.389671978904 7213808.15925 845005.814903 1.36 0.0 2456256.99747 0.0 4.0 0.0
0.390857997529 7215533.63572 845206.167455 1.36 0.0 2456256.99891 0.0 4.0 0.0
0.392043864226 7215454.93872 845175.018814 1.36 0.0 2456257.00036 0.0 4.0 0.0
0.393229886669 7215790.14602 845224.635588 1.36 0.0 2456257.00181 0.0 4.0 0.0
0.394415753366 7215953.51495 845251.118032 1.36 0.0 2456257.00325 0.0 4.0 0.0
0.395601772755 7218930.74601 845654.914171 1.36 0.0 2456257.0047 0.0 4.0 0.0
0.419264110474 7208853.18912 844292.861875 1.36 0.0 2456257.03357 0.0 4.0 0.0
0.420450006946 7215904.58474 845183.700067 1.36 0.0 2456257.03501 0.0 4.0 0.0
0.422821967088 7219052.17398 845588.85225 1.36 0.0 2456257.03791 0.0 4.0 0.0
0.424008017779 7220934.20681 845821.970023 1.36 0.0 2456257.03935 0.0 4.0 0.0
0.426379967232 7221018.38949 845810.28567 1.36 0.0 2456257.04225 0.0 4.0 0.0
0.427565862177 7221871.99087 845909.5131 1.36 0.0 2456257.04369 0.0 4.0 0.0
0.42875190676 7221532.72542 845868.068615 1.36 0.0 2456257.04514 0.0 4.0 0.0
0.429937801323 7220184.34372 845726.493682 1.36 0.0 2456257.04659 0.0 4.0 0.0
0.431123841325 7221832.08928 845888.454936 1.36 0.0 2456257.04803 0.0 4.0 0.0
0.432309728254 7218797.27851 845566.644467 1.36 0.0 2456257.04948 0.0 4.0 0.0
0.433495767875 7219622.35437 845708.638167 1.36 0.0 2456257.05093 0.0 4.0 0.0
0.434681649841 7218536.75399 845531.272395 1.36 0.0 2456257.05237 0.0 4.0 0.0
0.435867680682 7217645.67345 845453.622836 1.36 0.0 2456257.05382 0.0 4.0 0.0
0.437053562266 7217107.5121 845339.831263 1.36 0.0 2456257.05527 0.0 4.0 0.0
0.438239588908 7215384.42147 845161.705795 1.36 0.0 2456257.05671 0.0 4.0 0.0
0.439425462476 7217484.60937 845425.294487 1.36 0.0 2456257.05816 0.0 4.0 0.0
0.4406114895 7216666.52909 845327.134773 1.36 0.0 2456257.05961 0.0 4.0 0.0
0.441797359632 7215758.90644 845225.918295 1.36 0.0 2456257.06105 0.0 4.0 0.0
0.442983379785 7215409.70423 845186.031153 1.36 0.0 2456257.0625 0.0 4.0 0.0
0.444169251826 7218121.15232 845483.966853 1.36 0.0 2456257.06395 0.0 4.0 0.0
0.44535527465 7216053.45681 845225.858791 1.36 0.0 2456257.06539 0.0 4.0 0.0
0.446541137148 7216008.91181 845235.376683 1.36 0.0 2456257.06684 0.0 4.0 0.0
0.447727159591 7217841.64367 845465.444569 1.36 0.0 2456257.06829 0.0 4.0 0.0
0.448913030487 7220370.82502 845726.487906 1.36 0.0 2456257.06973 0.0 4.0 0.0
0.473751817625 7196752.41731 842812.743817 1.36 0.0 2456257.10003 0.0 4.0 0.0
0.474937865644 7204866.83398 843928.699128 1.36 0.0 2456257.10148 0.0 4.0 0.0
0.477309825403 7205371.76954 843991.437396 1.36 0.0 2456257.10437 0.0 4.0 0.0
0.478495719967 7206029.61144 844099.453982 1.36 0.0 2456257.10582 0.0 4.0 0.0
0.47968177333 7207287.72789 844283.694452 1.36 0.0 2456257.10727 0.0 4.0 0.0
0.480867673619 7205821.78494 844078.50455 1.36 0.0 2456257.10871 0.0 4.0 0.0
0.482053719729 7207535.46851 844254.172666 1.36 0.0 2456257.11016 0.0 4.0 0.0
0.483239612383 7206315.61381 844095.917511 1.36 0.0 2456257.11161 0.0 4.0 0.0
0.484425658875 7208688.82343 844361.693702 1.36 0.0 2456257.11305 0.0 4.0 0.0
0.485611547331 7210199.53324 844513.233292 1.36 0.0 2456257.1145 0.0 4.0 0.0
0.486797585424 7212051.15877 844789.477169 1.36 0.0 2456257.11595 0.0 4.0 0.0
0.487983473498 7213438.76066 844972.22407 1.36 0.0 2456257.11739 0.0 4.0 0.0
0.489169507011 7211835.1268 844754.549659 1.36 0.0 2456257.11884 0.0 4.0 0.0
0.490355385924 7216220.9069 845249.381968 1.36 0.0 2456257.12029 0.0 4.0 0.0
0.491541419437 7215321.07573 845182.642762 1.36 0.0 2456257.12173 0.0 4.0 0.0
0.49272729415 7218714.34878 845549.542665 1.36 0.0 2456257.12318 0.0 4.0 0.0
0.493913319265 7218640.93833 845558.136541 1.36 0.0 2456257.12463 0.0 4.0 0.0
0.495099194741 7217638.84111 845412.089673 1.36 0.0 2456257.12607 0.0 4.0 0.0
0.496285216421 7220921.39467 845806.266147 1.36 0.0 2456257.12752 0.0 4.0 0.0
0.497471085027 7220816.52819 845790.313681 1.36 0.0 2456257.12897 0.0 4.0 0.0
0.499842975693 7219619.48052 845708.72087 1.36 0.0 2456257.13186 0.0 4.0 0.0
-0.496599113106 7219484.05736 845591.896195 1.36 0.0 2456257.1362 0.0 4.0 0.0
-0.471750918233 7200253.18032 843319.985597 1.36 0.0 2456257.16651 0.0 4.0 0.0
-0.468192911218 7213675.53068 844960.742184 1.36 0.0 2456257.17085 0.0 4.0 0.0
-0.467007012455 7215672.64327 845206.880535 1.36 0.0 2456257.1723 0.0 4.0 0.0
-0.465820963673 7219363.10351 845660.344253 1.36 0.0 2456257.17375 0.0 4.0 0.0
-0.464635063766 7218729.9227 845555.187874 1.36 0.0 2456257.17519 0.0 4.0 0.0
-0.463449013457 7221940.51399 845865.745229 1.36 0.0 2456257.17664 0.0 4.0 0.0
-0.46226312462 7223757.93081 846123.957676 1.36 0.0 2456257.17809 0.0 4.0 0.0
-0.46107707851 7223677.19549 846111.999571 1.36 0.0 2456257.17953 0.0 4.0 0.0
-0.459891186237 7225849.71581 846354.985666 1.36 0.0 2456257.18098 0.0 4.0 0.0
-0.458705152342 7226771.27182 846479.942547 1.36 0.0 2456257.18243 0.0 4.0 0.0
-0.45751926465 7226849.69028 846529.463567 1.36 0.0 2456257.18387 0.0 4.0 0.0
-0.456333226938 7227781.72035 846605.988686 1.36 0.0 2456257.18532 0.0 4.0 0.0
-0.455147351843 7226905.99079 846447.330892 1.36 0.0 2456257.18677 0.0 4.0 0.0
-0.453961319093 7227143.90545 846509.791443 1.36 0.0 2456257.18821 0.0 4.0 0.0
-0.452775439799 7226592.9505 846434.201403 1.36 0.0 2456257.18966 0.0 4.0 0.0
-0.451589419265 7226107.61715 846364.571311 1.36 0.0 2456257.19111 0.0 4.0 0.0
-0.450403543789 7223691.82092 846166.788473 1.36 0.0 2456257.19255 0.0 4.0 0.0
