#time 		photoelectrons 	error 		visit 	orbit 	scan 	wave_center 	wave_start 	wave_end
0.345126933741 6399409.91979 751494.979909 1.44 0.0 2456306.95783 1.0 9.0 0.0
0.34631307681 6429193.99791 755041.215673 1.44 0.0 2456306.95928 1.0 9.0 0.0
0.347498911442 6441554.68852 756439.756998 1.44 0.0 2456306.96073 1.0 9.0 0.0
0.348684744547 6449411.83625 757328.710217 1.44 0.0 2456306.96217 1.0 9.0 0.0
0.34987057956 6454284.30427 757929.062203 1.44 0.0 2456306.96362 1.0 9.0 0.0
0.35105671156 6457736.88539 758327.951359 1.44 0.0 2456306.96507 1.0 9.0 0.0
0.352242537411 6460533.64835 758618.691711 1.44 0.0 2456306.96651 1.0 9.0 0.0
0.353428365554 6462623.81572 758865.881066 1.44 0.0 2456306.96796 1.0 9.0 0.0
0.354614185679 6465363.66993 759136.596507 1.44 0.0 2456306.96941 1.0 9.0 0.0
0.355800306609 6465901.75301 759256.027468 1.44 0.0 2456306.97085 1.0 9.0 0.0
0.356986124826 6465109.47617 759134.773682 1.44 0.0 2456306.9723 1.0 9.0 0.0
0.358171936172 6467043.74744 759429.931224 1.44 0.0 2456306.97375 1.0 9.0 0.0
0.359357744464 6466468.32629 759297.828 1.44 0.0 2456306.97519 1.0 9.0 0.0
0.360543856995 6465540.90988 759180.216982 1.44 0.0 2456306.97664 1.0 9.0 0.0
0.36172965918 6465433.84055 759178.034479 1.44 0.0 2456306.97809 1.0 9.0 0.0
0.362915459074 6464131.70696 759070.155355 1.44 0.0 2456306.97953 1.0 9.0 0.0
0.364101260495 6462065.51461 758784.814384 1.44 0.0 2456306.98098 1.0 9.0 0.0
0.365287363483 6461517.30159 758701.386256 1.44 0.0 2456306.98243 1.0 9.0 0.0
0.366473152689 6460386.70725 758560.900439 1.44 0.0 2456306.98387 1.0 9.0 0.0
0.367658949147 6460624.19114 758658.786884 1.44 0.0 2456306.98532 1.0 9.0 0.0
0.368844745224 6460208.2838 758586.58374 1.44 0.0 2456306.98677 1.0 9.0 0.0
0.370030835233 6462315.8388 758804.393698 1.44 0.0 2456306.98821 1.0 9.0 0.0
0.371216630547 6460756.16466 758687.867571 1.44 0.0 2456306.98966 1.0 9.0 0.0
0.37240242586 6462267.07698 758830.1404 1.44 0.0 2456306.99111 1.0 9.0 0.0
0.397837392006 6456178.48048 757987.083873 1.44 0.0 2456307.02213 1.0 9.0 0.0
0.399023527822 6462587.19421 758836.975827 1.44 0.0 2456307.02358 1.0 9.0 0.0
0.400209367798 6467463.92429 759416.878165 1.44 0.0 2456307.02503 1.0 9.0 0.0
0.401395206629 6469201.07732 759592.140518 1.44 0.0 2456307.02647 1.0 9.0 0.0
0.402581036298 6469507.43328 759657.017418 1.44 0.0 2456307.02792 1.0 9.0 0.0
0.403767175932 6470063.61688 759757.48243 1.44 0.0 2456307.02937 1.0 9.0 0.0
0.40613883298 6471140.34709 759848.123218 1.44 0.0 2456307.03226 1.0 9.0 0.0
0.407324661885 6471460.65741 759921.773452 1.44 0.0 2456307.03371 1.0 9.0 0.0
0.409696605613 6468729.41204 759567.305001 1.44 0.0 2456307.0366 1.0 9.0 0.0
0.410882425357 6470308.22098 759748.400666 1.44 0.0 2456307.03805 1.0 9.0 0.0
0.412068242811 6468990.34651 759608.442679 1.44 0.0 2456307.03949 1.0 9.0 0.0
0.413254355342 6469316.7246 759620.566901 1.44 0.0 2456307.04094 1.0 9.0 0.0
0.414440162107 6467534.57224 759448.638026 1.44 0.0 2456307.04239 1.0 9.0 0.0
0.415625969636 6468544.03997 759572.280034 1.44 0.0 2456307.04383 1.0 9.0 0.0
0.416811770675 6467748.10455 759488.896147 1.44 0.0 2456307.04528 1.0 9.0 0.0
0.417997872518 6468406.03191 759501.897791 1.44 0.0 2456307.04673 1.0 9.0 0.0
0.419183673176 6466377.11172 759253.207335 1.44 0.0 2456307.04817 1.0 9.0 0.0
0.420369467344 6468003.2895 759461.49905 1.44 0.0 2456307.04962 1.0 9.0 0.0
0.452303218394 6456186.9928 758049.676445 1.44 0.0 2456307.08858 1.0 9.0 0.0
0.453489058752 6461008.70912 758636.972249 1.44 0.0 2456307.09002 1.0 9.0 0.0
0.454674899109 6459758.6628 758518.97743 1.44 0.0 2456307.09147 1.0 9.0 0.0
0.455860729923 6459237.91733 758434.612834 1.44 0.0 2456307.09291 1.0 9.0 0.0
0.457046870702 6457483.44593 758265.8849 1.44 0.0 2456307.09436 1.0 9.0 0.0
0.458232706479 6456293.37973 758122.314042 1.44 0.0 2456307.09581 1.0 9.0 0.0
0.459418532331 6455135.52626 758039.058391 1.44 0.0 2456307.09726 1.0 9.0 0.0
0.460604363527 6451432.71695 757573.770353 1.44 0.0 2456307.0987 1.0 9.0 0.0
0.461790495908 6451282.76766 757546.478703 1.44 0.0 2456307.10015 1.0 9.0 0.0
0.462976313362 6452458.48642 757690.338074 1.44 0.0 2456307.1016 1.0 9.0 0.0
0.464162136542 6451483.2383 757562.317912 1.44 0.0 2456307.10304 1.0 9.0 0.0
0.465347956286 6453875.61201 757871.273661 1.44 0.0 2456307.10449 1.0 9.0 0.0
0.466534072253 6452693.09756 757701.952349 1.44 0.0 2456307.10594 1.0 9.0 0.0
0.46771988169 6453857.85401 757852.556213 1.44 0.0 2456307.10738 1.0 9.0 0.0
0.468905692273 6454914.41454 757980.415201 1.44 0.0 2456307.10883 1.0 9.0 0.0
0.470091496366 6455089.66154 758009.163503 1.44 0.0 2456307.11027 1.0 9.0 0.0
0.471277600499 6456394.80898 758161.11699 1.44 0.0 2456307.11172 1.0 9.0 0.0
0.472463403065 6457200.91111 758255.024735 1.44 0.0 2456307.11317 1.0 9.0 0.0
0.473649199524 6458084.53656 758329.760414 1.44 0.0 2456307.11461 1.0 9.0 0.0
0.474834994074 6459088.28786 758461.280547 1.44 0.0 2456307.11606 1.0 9.0 0.0
0.476021094771 6459269.68075 758453.755946 1.44 0.0 2456307.11751 1.0 9.0 0.0
0.477206886649 6457858.36044 758328.598761 1.44 0.0 2456307.11895 1.0 9.0 0.0
0.478392829692 6458546.30417 758450.717841 1.44 0.0 2456307.1204 1.0 9.0 0.0
0.479578473077 6459579.67828 758497.815249 1.44 0.0 2456307.12185 1.0 9.0 0.0
0.480764567667 6459159.26366 758454.970295 1.44 0.0 2456307.12329 1.0 9.0 0.0
-0.49322169025 6442748.36069 756454.167201 1.44 0.0 2456307.15503 1.0 9.0 0.0
-0.492036001439 6450336.78675 757339.49157 1.44 0.0 2456307.15647 1.0 9.0 0.0
-0.490849862568 6454444.59676 757866.327573 1.44 0.0 2456307.15792 1.0 9.0 0.0
-0.489664027937 6455098.29169 757969.997637 1.44 0.0 2456307.15937 1.0 9.0 0.0
-0.488478038704 6455306.53463 758046.94712 1.44 0.0 2456307.16081 1.0 9.0 0.0
-0.487292358674 6456144.8046 758096.254779 1.44 0.0 2456307.16226 1.0 9.0 0.0
-0.486106225529 6457887.70798 758372.96002 1.44 0.0 2456307.16371 1.0 9.0 0.0
-0.484920394333 6459904.3584 758573.640318 1.44 0.0 2456307.16515 1.0 9.0 0.0
-0.483734418079 6459714.4079 758500.777454 1.44 0.0 2456307.1666 1.0 9.0 0.0
-0.482548747973 6463428.26287 758993.164015 1.44 0.0 2456307.16805 1.0 9.0 0.0
-0.4813626217 6463684.91429 759002.991334 1.44 0.0 2456307.16949 1.0 9.0 0.0
-0.480176801956 6461380.28595 758657.527983 1.44 0.0 2456307.17094 1.0 9.0 0.0
-0.478990841735 6461558.98268 758687.204589 1.44 0.0 2456307.17239 1.0 9.0 0.0
-0.476619065969 6462044.6122 758772.689196 1.44 0.0 2456307.17528 1.0 9.0 0.0
-0.474247309671 6462019.91965 758755.857297 1.44 0.0 2456307.17817 1.0 9.0 0.0
-0.470689764168 6461451.17821 758722.527873 1.44 0.0 2456307.18251 1.0 9.0 0.0
-0.468318179267 6459222.2078 758473.852112 1.44 0.0 2456307.18541 1.0 9.0 0.0
-0.46713208086 6456539.41038 758190.851393 1.44 0.0 2456307.18685 1.0 9.0 0.0
-0.465946285165 6456483.34092 758162.391034 1.44 0.0 2456307.1883 1.0 9.0 0.0
-0.464760346321 6455749.56321 758036.964043 1.44 0.0 2456307.18975 1.0 9.0 0.0
-0.438756315066 6445738.25141 756800.65457 1.44 0.0 2456307.22147 1.0 9.0 0.0
-0.437570175432 6451540.8515 757562.966697 1.44 0.0 2456307.22292 1.0 9.0 0.0
-0.436384340037 6455304.14426 758062.504802 1.44 0.0 2456307.22436 1.0 9.0 0.0
-0.43519834966 6455420.56438 758046.817127 1.44 0.0 2456307.22581 1.0 9.0 0.0
-0.43401266772 6456326.8412 758134.018909 1.44 0.0 2456307.22726 1.0 9.0 0.0
-0.432826533049 6459416.9773 758511.858781 1.44 0.0 2456307.2287 1.0 9.0 0.0
-0.431640699562 6461776.92542 758813.231563 1.44 0.0 2456307.23015 1.0 9.0 0.0
-0.430454720637 6460276.12695 758556.403477 1.44 0.0 2456307.2316 1.0 9.0 0.0
-0.429269047859 6460224.62334 758636.939928 1.44 0.0 2456307.23304 1.0 9.0 0.0
-0.428082918531 6461956.34408 758784.334414 1.44 0.0 2456307.23449 1.0 9.0 0.0
-0.426897095733 6461788.21492 758791.24141 1.44 0.0 2456307.23594 1.0 9.0 0.0
-0.425711132459 6464094.92638 759027.021947 1.44 0.0 2456307.23738 1.0 9.0 0.0
-0.424525467315 6463463.36719 758974.364008 1.44 0.0 2456307.23883 1.0 9.0 0.0
-0.423339350585 6461970.20184 758754.81841 1.44 0.0 2456307.24028 1.0 9.0 0.0
-0.422153548019 6463467.04305 758913.782806 1.44 0.0 2456307.24172 1.0 9.0 0.0
-0.420967588562 6461187.97556 758645.379613 1.44 0.0 2456307.24317 1.0 9.0 0.0
-0.419781935252 6462955.85403 758899.246622 1.44 0.0 2456307.24461 1.0 9.0 0.0
-0.418595837226 6460406.0774 758570.570378 1.44 0.0 2456307.24606 1.0 9.0 0.0
-0.41741003695 6462263.09157 758850.03103 1.44 0.0 2456307.24751 1.0 9.0 0.0
-0.416224086654 6460884.68106 758621.253592 1.44 0.0 2456307.24895 1.0 9.0 0.0
0.318950816244 6436888.49039 755777.285628 1.44 0.0 2456256.9112 0.0 4.0 0.0
0.320136860827 6454715.84019 757885.708611 1.44 0.0 2456256.91264 0.0 4.0 0.0
0.321322755008 6464237.6835 758959.226933 1.44 0.0 2456256.91409 0.0 4.0 0.0
0.322508795011 6468877.19153 759497.782484 1.44 0.0 2456256.91554 0.0 4.0 0.0
0.323694680794 6471378.6892 759788.930578 1.44 0.0 2456256.91698 0.0 4.0 0.0
0.324880720415 6476052.39569 760316.225006 1.44 0.0 2456256.91843 0.0 4.0 0.0
0.326066601236 6475490.96154 760198.370515 1.44 0.0 2456256.91988 0.0 4.0 0.0
0.327252632077 6476874.07477 760355.926702 1.44 0.0 2456256.92132 0.0 4.0 0.0
0.328438512897 6477235.1804 760420.199413 1.44 0.0 2456256.92277 0.0 4.0 0.0
0.329624539158 6478651.6749 760530.872344 1.44 0.0 2456256.92422 0.0 4.0 0.0
0.330810411581 6479517.67666 760646.630146 1.44 0.0 2456256.92566 0.0 4.0 0.0
0.331996438986 6479606.06146 760636.323357 1.44 0.0 2456256.92711 0.0 4.0 0.0
0.333182308355 6479798.09686 760680.630067 1.44 0.0 2456256.92856 0.0 4.0 0.0
0.334368328507 6478325.46494 760539.358853 1.44 0.0 2456256.93 0.0 4.0 0.0
0.335554200167 6479558.03043 760647.250658 1.44 0.0 2456256.93145 0.0 4.0 0.0
0.336740222991 6478158.47165 760500.467198 1.44 0.0 2456256.9329 0.0 4.0 0.0
0.337926085489 6476830.56486 760365.754362 1.44 0.0 2456256.93434 0.0 4.0 0.0
0.339112108314 6478178.83965 760478.736747 1.44 0.0 2456256.93579 0.0 4.0 0.0
0.34029797921 6476419.96024 760327.321923 1.44 0.0 2456256.93724 0.0 4.0 0.0
0.364766831063 6456094.234 757903.558031 1.44 0.0 2456256.96709 0.0 4.0 0.0
0.365952731734 6463738.27431 758803.271663 1.44 0.0 2456256.96853 0.0 4.0 0.0
0.367138787769 6462913.69695 758727.0934 1.44 0.0 2456256.96998 0.0 4.0 0.0
0.368324692257 6466890.03429 759193.520013 1.44 0.0 2456256.97143 0.0 4.0 0.0
0.369510739131 6468458.98805 759367.551701 1.44 0.0 2456256.97287 0.0 4.0 0.0
0.370696640947 6467988.80511 759280.924369 1.44 0.0 2456256.97432 0.0 4.0 0.0
0.371882693165 6470247.21247 759589.337688 1.44 0.0 2456256.97577 0.0 4.0 0.0
0.37306858391 6471660.1859 759736.271846 1.44 0.0 2456256.97721 0.0 4.0 0.0
0.374254632311 6472188.23664 759819.728592 1.44 0.0 2456256.97866 0.0 4.0 0.0
0.375440527638 6471340.57418 759721.345301 1.44 0.0 2456256.98011 0.0 4.0 0.0
0.378998494571 6470418.04626 759582.738194 1.44 0.0 2456256.98445 0.0 4.0 0.0
0.380184372338 6470377.60455 759597.866541 1.44 0.0 2456256.98589 0.0 4.0 0.0
0.381370407378 6470418.96208 759598.876762 1.44 0.0 2456256.98734 0.0 4.0 0.0
0.382556288962 6468387.66467 759346.521566 1.44 0.0 2456256.98879 0.0 4.0 0.0
0.383742311787 6467006.14041 759153.084784 1.44 0.0 2456256.99023 0.0 4.0 0.0
0.384928189172 6465406.67325 758945.917299 1.44 0.0 2456256.99168 0.0 4.0 0.0
0.386114216578 6465389.45399 758988.626791 1.44 0.0 2456256.99313 0.0 4.0 0.0
0.387300082511 6465210.58804 758985.608686 1.44 0.0 2456256.99457 0.0 4.0 0.0
0.388486106863 6466152.26267 759122.105447 1.44 0.0 2456256.99602 0.0 4.0 0.0
0.389671978904 6465993.19358 759081.961304 1.44 0.0 2456256.99747 0.0 4.0 0.0
0.390857997529 6463836.43347 758839.539365 1.44 0.0 2456256.99891 0.0 4.0 0.0
0.392043864226 6466597.02369 759148.246224 1.44 0.0 2456257.00036 0.0 4.0 0.0
0.393229886669 6465361.60229 759008.549471 1.44 0.0 2456257.00181 0.0 4.0 0.0
0.394415753366 6466327.30623 759135.594775 1.44 0.0 2456257.00325 0.0 4.0 0.0
0.395601772755 6469430.08964 759528.473123 1.44 0.0 2456257.0047 0.0 4.0 0.0
0.419264110474 6459137.15218 758194.737138 1.44 0.0 2456257.03357 0.0 4.0 0.0
0.420450006946 6466500.90282 759108.817689 1.44 0.0 2456257.03501 0.0 4.0 0.0
0.422821967088 6471664.36676 759727.462335 1.44 0.0 2456257.03791 0.0 4.0 0.0
0.424008017779 6471242.97528 759714.933235 1.44 0.0 2456257.03935 0.0 4.0 0.0
0.426379967232 6470371.43547 759566.390807 1.44 0.0 2456257.04225 0.0 4.0 0.0
0.427565862177 6472282.74324 759803.51004 1.44 0.0 2456257.04369 0.0 4.0 0.0
0.42875190676 6469864.45265 759503.535795 1.44 0.0 2456257.04514 0.0 4.0 0.0
0.429937801323 6469719.42617 759514.898066 1.44 0.0 2456257.04659 0.0 4.0 0.0
0.431123841325 6470031.66695 759502.85508 1.44 0.0 2456257.04803 0.0 4.0 0.0
0.432309728254 6467880.4391 759294.379651 1.44 0.0 2456257.04948 0.0 4.0 0.0
0.433495767875 6470120.25856 759586.501764 1.44 0.0 2456257.05093 0.0 4.0 0.0
0.434681649841 6466615.53964 759128.525788 1.44 0.0 2456257.05237 0.0 4.0 0.0
0.435867680682 6468515.2573 759384.883082 1.44 0.0 2456257.05382 0.0 4.0 0.0
0.437053562266 6467090.39145 759164.478793 1.44 0.0 2456257.05527 0.0 4.0 0.0
0.438239588908 6466499.59835 759117.614268 1.44 0.0 2456257.05671 0.0 4.0 0.0
0.439425462476 6467026.04875 759198.019415 1.44 0.0 2456257.05816 0.0 4.0 0.0
0.4406114895 6468607.15307 759389.366439 1.44 0.0 2456257.05961 0.0 4.0 0.0
0.441797359632 6467076.58056 759175.101125 1.44 0.0 2456257.06105 0.0 4.0 0.0
0.442983379785 6468453.1684 759373.417397 1.44 0.0 2456257.0625 0.0 4.0 0.0
0.444169251826 6468661.59268 759381.687943 1.44 0.0 2456257.06395 0.0 4.0 0.0
0.44535527465 6469479.05863 759459.779336 1.44 0.0 2456257.06539 0.0 4.0 0.0
0.446541137148 6468547.34147 759357.127184 1.44 0.0 2456257.06684 0.0 4.0 0.0
0.447727159591 6467534.48691 759264.432524 1.44 0.0 2456257.06829 0.0 4.0 0.0
0.448913030487 6467865.42555 759272.496444 1.44 0.0 2456257.06973 0.0 4.0 0.0
0.473751817625 6448220.33114 756847.30597 1.44 0.0 2456257.10003 0.0 4.0 0.0
0.474937865644 6453356.79975 757604.972639 1.44 0.0 2456257.10148 0.0 4.0 0.0
0.477309825403 6454313.41725 757714.186447 1.44 0.0 2456257.10437 0.0 4.0 0.0
0.478495719967 6457119.97689 758057.543903 1.44 0.0 2456257.10582 0.0 4.0 0.0
0.47968177333 6456268.7905 758008.92896 1.44 0.0 2456257.10727 0.0 4.0 0.0
0.480867673619 6455784.81639 757918.880083 1.44 0.0 2456257.10871 0.0 4.0 0.0
0.482053719729 6456130.57742 757920.2544 1.44 0.0 2456257.11016 0.0 4.0 0.0
0.483239612383 6457811.94629 758110.503438 1.44 0.0 2456257.11161 0.0 4.0 0.0
0.484425658875 6458184.44942 758129.719031 1.44 0.0 2456257.11305 0.0 4.0 0.0
0.485611547331 6459308.01323 758254.490928 1.44 0.0 2456257.1145 0.0 4.0 0.0
0.486797585424 6461498.68517 758561.474765 1.44 0.0 2456257.11595 0.0 4.0 0.0
0.487983473498 6462301.1897 758672.954746 1.44 0.0 2456257.11739 0.0 4.0 0.0
0.489169507011 6462624.30599 758668.974814 1.44 0.0 2456257.11884 0.0 4.0 0.0
0.490355385924 6463956.05433 758821.047974 1.44 0.0 2456257.12029 0.0 4.0 0.0
0.491541419437 6466235.87915 759122.313626 1.44 0.0 2456257.12173 0.0 4.0 0.0
0.49272729415 6465233.66397 758976.015906 1.44 0.0 2456257.12318 0.0 4.0 0.0
0.493913319265 6467041.30424 759203.632859 1.44 0.0 2456257.12463 0.0 4.0 0.0
0.495099194741 6466110.35314 759063.307116 1.44 0.0 2456257.12607 0.0 4.0 0.0
0.496285216421 6466878.61096 759185.886989 1.44 0.0 2456257.12752 0.0 4.0 0.0
0.497471085027 6467607.58315 759263.469271 1.44 0.0 2456257.12897 0.0 4.0 0.0
0.499842975693 6466327.88232 759141.178686 1.44 0.0 2456257.13186 0.0 4.0 0.0
-0.496599113106 6465466.25244 758987.187438 1.44 0.0 2456257.1362 0.0 4.0 0.0
-0.471750918233 6450986.46024 757270.136348 1.44 0.0 2456257.16651 0.0 4.0 0.0
-0.468192911218 6463822.86841 758822.390601 1.44 0.0 2456257.17085 0.0 4.0 0.0
-0.467007012455 6464127.22909 758847.504809 1.44 0.0 2456257.1723 0.0 4.0 0.0
-0.465820963673 6466350.91022 759130.178771 1.44 0.0 2456257.17375 0.0 4.0 0.0
-0.464635063766 6467935.84114 759294.211533 1.44 0.0 2456257.17519 0.0 4.0 0.0
-0.463449013457 6469077.49892 759382.494587 1.44 0.0 2456257.17664 0.0 4.0 0.0
-0.46226312462 6470533.85333 759601.005978 1.44 0.0 2456257.17809 0.0 4.0 0.0
-0.46107707851 6471235.39227 759678.514985 1.44 0.0 2456257.17953 0.0 4.0 0.0
-0.459891186237 6472278.61604 759785.692328 1.44 0.0 2456257.18098 0.0 4.0 0.0
-0.458705152342 6474050.93245 759997.177628 1.44 0.0 2456257.18243 0.0 4.0 0.0
-0.45751926465 6475497.63153 760208.089593 1.44 0.0 2456257.18387 0.0 4.0 0.0
-0.456333226938 6475637.50408 760182.691672 1.44 0.0 2456257.18532 0.0 4.0 0.0
-0.455147351843 6473283.2055 759870.022828 1.44 0.0 2456257.18677 0.0 4.0 0.0
-0.453961319093 6476221.33334 760238.540808 1.44 0.0 2456257.18821 0.0 4.0 0.0
-0.452775439799 6475807.03237 760183.862723 1.44 0.0 2456257.18966 0.0 4.0 0.0
-0.451589419265 6474670.73734 760067.425637 1.44 0.0 2456257.19111 0.0 4.0 0.0
-0.450403543789 6474379.52331 760072.105999 1.44 0.0 2456257.19255 0.0 4.0 0.0
