1.137 0.000877 0.000050 0.300 0.000 2.06
1.163 0.001127 0.000049 0.300 0.000 2.32
1.188 0.000876 0.000048 0.300 0.000 2.06
1.212 0.000922 0.000048 0.300 0.000 2.25
1.238 0.000823 0.000047 0.300 0.000 2.28
1.262 0.000869 0.000046 0.300 0.000 1.96
1.288 0.001119 0.000047 0.300 0.000 2.37
1.312 0.000942 0.000046 0.300 0.000 2.44
1.337 0.001066 0.000047 0.300 0.000 2.53
1.363 0.000995 0.000047 0.300 0.000 2.38
1.387 0.001225 0.000049 0.300 0.000 2.27
1.413 0.001083 0.000049 0.300 0.000 1.71
1.438 0.001292 0.000050 0.300 0.000 2.42
1.462 0.001270 0.000051 0.300 0.000 2.02
1.488 0.001360 0.000052 0.300 0.000 2.56
1.512 0.001180 0.000053 0.300 0.000 1.91
1.538 0.001296 0.000055 0.300 0.000 2.12
1.562 0.001320 0.000056 0.300 0.000 2.54
1.587 0.001394 0.000057 0.300 0.000 2.25
1.613 0.001209 0.000059 0.300 0.000 2.73
1.637 0.001439 0.000061 0.300 0.000 3.74
