1.137 0.001057 0.000046 0.300 0.000 2.03
1.163 0.001246 0.000046 0.300 0.000 1.96
1.188 0.001045 0.000046 0.300 0.000 1.56
1.212 0.001068 0.000045 0.300 0.000 1.98
1.238 0.000999 0.000045 0.300 0.000 2.12
1.262 0.000992 0.000045 0.300 0.000 1.36
1.288 0.001227 0.000046 0.300 0.000 1.76
1.312 0.001022 0.000046 0.300 0.000 1.88
1.337 0.001179 0.000047 0.300 0.000 1.93
1.363 0.001137 0.000049 0.300 0.000 1.76
1.387 0.001325 0.000049 0.300 0.000 1.84
1.413 0.001196 0.000049 0.300 0.000 1.54
1.438 0.001341 0.000052 0.300 0.000 2.06
1.462 0.001426 0.000054 0.300 0.000 1.67
1.488 0.001470 0.000053 0.300 0.000 2.15
1.512 0.001283 0.000054 0.300 0.000 1.37
1.538 0.001391 0.000057 0.300 0.000 1.95
1.562 0.001491 0.000059 0.300 0.000 2.07
1.587 0.001536 0.000060 0.300 0.000 1.86
1.613 0.001309 0.000061 0.300 0.000 2.27
1.637 0.001646 0.000058 0.300 0.000 3.26
