#time 		photoelectrons 	error 		visit 	orbit 	scan 	wave_center 	wave_start 	wave_end
0.345126933741 7514545.53078 1408051.92881 1.2125 0.0 2456306.95783 1.0 9.0 0.0
0.34631307681 7558707.74365 1416586.00352 1.2125 0.0 2456306.95928 1.0 9.0 0.0
0.347498911442 7574112.94804 1419440.42704 1.2125 0.0 2456306.96073 1.0 9.0 0.0
0.348684744547 7585829.78266 1421580.16866 1.2125 0.0 2456306.96217 1.0 9.0 0.0
0.34987057956 7591041.51746 1422608.30329 1.2125 0.0 2456306.96362 1.0 9.0 0.0
0.35105671156 7596938.99657 1423730.39908 1.2125 0.0 2456306.96507 1.0 9.0 0.0
0.352242537411 7602001.74165 1424605.16346 1.2125 0.0 2456306.96651 1.0 9.0 0.0
0.353428365554 7606021.29793 1425364.23816 1.2125 0.0 2456306.96796 1.0 9.0 0.0
0.354614185679 7605962.3027 1425288.48744 1.2125 0.0 2456306.96941 1.0 9.0 0.0
0.355800306609 7608664.19569 1425871.21503 1.2125 0.0 2456306.97085 1.0 9.0 0.0
0.356986124826 7608789.2234 1425827.17465 1.2125 0.0 2456306.9723 1.0 9.0 0.0
0.358171936172 7609802.70709 1426134.668 1.2125 0.0 2456306.97375 1.0 9.0 0.0
0.359357744464 7608876.34229 1425885.60116 1.2125 0.0 2456306.97519 1.0 9.0 0.0
0.360543856995 7606485.8993 1425438.84168 1.2125 0.0 2456306.97664 1.0 9.0 0.0
0.36172965918 7608282.38715 1425717.62217 1.2125 0.0 2456306.97809 1.0 9.0 0.0
0.362915459074 7607204.25986 1425621.88336 1.2125 0.0 2456306.97953 1.0 9.0 0.0
0.364101260495 7606249.81327 1425397.1694 1.2125 0.0 2456306.98098 1.0 9.0 0.0
0.365287363483 7603541.49899 1424848.93061 1.2125 0.0 2456306.98243 1.0 9.0 0.0
0.366473152689 7604075.85386 1424962.21354 1.2125 0.0 2456306.98387 1.0 9.0 0.0
0.367658949147 7602205.26293 1424728.65676 1.2125 0.0 2456306.98532 1.0 9.0 0.0
0.368844745224 7604445.05674 1425078.25818 1.2125 0.0 2456306.98677 1.0 9.0 0.0
0.370030835233 7603119.32974 1424776.30428 1.2125 0.0 2456306.98821 1.0 9.0 0.0
0.371216630547 7605097.42803 1425231.21964 1.2125 0.0 2456306.98966 1.0 9.0 0.0
0.37240242586 7603171.33936 1424868.64822 1.2125 0.0 2456306.99111 1.0 9.0 0.0
0.397837392006 7600361.67028 1424000.01077 1.2125 0.0 2456307.02213 1.0 9.0 0.0
0.399023527822 7608250.4067 1425732.9781 1.2125 0.0 2456307.02358 1.0 9.0 0.0
0.400209367798 7611519.61239 1426354.27235 1.2125 0.0 2456307.02503 1.0 9.0 0.0
0.401395206629 7615242.47195 1427033.67452 1.2125 0.0 2456307.02647 1.0 9.0 0.0
0.402581036298 7615678.23927 1427113.27637 1.2125 0.0 2456307.02792 1.0 9.0 0.0
0.403767175932 7617391.50315 1427542.23212 1.2125 0.0 2456307.02937 1.0 9.0 0.0
0.40613883298 7618027.70868 1427594.44633 1.2125 0.0 2456307.03226 1.0 9.0 0.0
0.407324661885 7618129.48175 1427678.99421 1.2125 0.0 2456307.03371 1.0 9.0 0.0
0.409696605613 7616054.09082 1427230.01816 1.2125 0.0 2456307.0366 1.0 9.0 0.0
0.410882425357 7615824.3914 1427179.27704 1.2125 0.0 2456307.03805 1.0 9.0 0.0
0.412068242811 7613882.79788 1426841.12767 1.2125 0.0 2456307.03949 1.0 9.0 0.0
0.413254355342 7613176.79315 1426685.65733 1.2125 0.0 2456307.04094 1.0 9.0 0.0
0.414440162107 7615278.06253 1427137.23534 1.2125 0.0 2456307.04239 1.0 9.0 0.0
0.415625969636 7611547.69466 1426456.69493 1.2125 0.0 2456307.04383 1.0 9.0 0.0
0.416811770675 7611541.54238 1426470.81937 1.2125 0.0 2456307.04528 1.0 9.0 0.0
0.417997872518 7612235.29465 1426509.60604 1.2125 0.0 2456307.04673 1.0 9.0 0.0
0.419183673176 7611976.86854 1426407.18772 1.2125 0.0 2456307.04817 1.0 9.0 0.0
0.420369467344 7610940.53053 1426227.87967 1.2125 0.0 2456307.04962 1.0 9.0 0.0
0.452303218394 7597294.24849 1423540.40837 1.2125 0.0 2456307.08858 1.0 9.0 0.0
0.453489058752 7605289.37632 1425144.93645 1.2125 0.0 2456307.09002 1.0 9.0 0.0
0.454674899109 7603996.54936 1424970.77126 1.2125 0.0 2456307.09147 1.0 9.0 0.0
0.455860729923 7606540.53133 1425445.05862 1.2125 0.0 2456307.09291 1.0 9.0 0.0
0.457046870702 7601741.79608 1424588.15537 1.2125 0.0 2456307.09436 1.0 9.0 0.0
0.458232706479 7599320.60878 1424137.20337 1.2125 0.0 2456307.09581 1.0 9.0 0.0
0.459418532331 7600210.11851 1424388.41429 1.2125 0.0 2456307.09726 1.0 9.0 0.0
0.460604363527 7597521.24935 1423821.44497 1.2125 0.0 2456307.0987 1.0 9.0 0.0
0.461790495908 7593824.37719 1423104.58275 1.2125 0.0 2456307.10015 1.0 9.0 0.0
0.462976313362 7595964.80212 1423575.48564 1.2125 0.0 2456307.1016 1.0 9.0 0.0
0.464162136542 7593851.81474 1423108.60025 1.2125 0.0 2456307.10304 1.0 9.0 0.0
0.465347956286 7596717.30577 1423713.66233 1.2125 0.0 2456307.10449 1.0 9.0 0.0
0.466534072253 7597088.54207 1423679.3452 1.2125 0.0 2456307.10594 1.0 9.0 0.0
0.46771988169 7598627.84049 1423990.174 1.2125 0.0 2456307.10738 1.0 9.0 0.0
0.468905692273 7599379.88309 1424215.66354 1.2125 0.0 2456307.10883 1.0 9.0 0.0
0.470091496366 7601883.75921 1424653.35241 1.2125 0.0 2456307.11027 1.0 9.0 0.0
0.471277600499 7601178.7662 1424500.19059 1.2125 0.0 2456307.11172 1.0 9.0 0.0
0.472463403065 7600410.14995 1424385.77827 1.2125 0.0 2456307.11317 1.0 9.0 0.0
0.473649199524 7602949.5276 1424803.69539 1.2125 0.0 2456307.11461 1.0 9.0 0.0
0.474834994074 7603891.27754 1424993.86766 1.2125 0.0 2456307.11606 1.0 9.0 0.0
0.476021094771 7602762.68922 1424757.2308 1.2125 0.0 2456307.11751 1.0 9.0 0.0
0.477206886649 7604194.74476 1425067.28916 1.2125 0.0 2456307.11895 1.0 9.0 0.0
0.478392829692 7607945.57229 1425834.84413 1.2125 0.0 2456307.1204 1.0 9.0 0.0
0.479578473077 7603572.64606 1424937.53391 1.2125 0.0 2456307.12185 1.0 9.0 0.0
0.480764567667 7603900.05316 1424965.51995 1.2125 0.0 2456307.12329 1.0 9.0 0.0
-0.49322169025 7583811.6899 1420961.11512 1.2125 0.0 2456307.15503 1.0 9.0 0.0
-0.492036001439 7595126.97925 1423154.02037 1.2125 0.0 2456307.15647 1.0 9.0 0.0
-0.490849862568 7596969.84619 1423627.26708 1.2125 0.0 2456307.15792 1.0 9.0 0.0
-0.489664027937 7597133.75029 1423694.85729 1.2125 0.0 2456307.15937 1.0 9.0 0.0
-0.488478038704 7599679.94267 1424264.64437 1.2125 0.0 2456307.16081 1.0 9.0 0.0
-0.487292358674 7601494.07131 1424550.13016 1.2125 0.0 2456307.16226 1.0 9.0 0.0
-0.486106225529 7604806.17999 1425238.96688 1.2125 0.0 2456307.16371 1.0 9.0 0.0
-0.484920394333 7603989.11267 1425057.00184 1.2125 0.0 2456307.16515 1.0 9.0 0.0
-0.483734418079 7606273.91925 1425386.53918 1.2125 0.0 2456307.1666 1.0 9.0 0.0
-0.482548747973 7609271.80285 1426048.06156 1.2125 0.0 2456307.16805 1.0 9.0 0.0
-0.4813626217 7609185.61549 1425999.38072 1.2125 0.0 2456307.16949 1.0 9.0 0.0
-0.480176801956 7608679.1989 1425767.34844 1.2125 0.0 2456307.17094 1.0 9.0 0.0
-0.478990841735 7610394.52366 1426092.20031 1.2125 0.0 2456307.17239 1.0 9.0 0.0
-0.476619065969 7609170.72664 1425902.20553 1.2125 0.0 2456307.17528 1.0 9.0 0.0
-0.474247309671 7610414.35332 1426133.05004 1.2125 0.0 2456307.17817 1.0 9.0 0.0
-0.470689764168 7605782.50879 1425307.88366 1.2125 0.0 2456307.18251 1.0 9.0 0.0
-0.468318179267 7602083.98364 1424641.97987 1.2125 0.0 2456307.18541 1.0 9.0 0.0
-0.46713208086 7598206.7547 1423901.00858 1.2125 0.0 2456307.18685 1.0 9.0 0.0
-0.465946285165 7599671.50957 1424220.44929 1.2125 0.0 2456307.1883 1.0 9.0 0.0
-0.464760346321 7597479.36003 1423742.26205 1.2125 0.0 2456307.18975 1.0 9.0 0.0
-0.438756315066 7584403.79606 1421081.81224 1.2125 0.0 2456307.22147 1.0 9.0 0.0
-0.437570175432 7592974.18892 1422899.09944 1.2125 0.0 2456307.22292 1.0 9.0 0.0
-0.436384340037 7598373.17425 1424038.28058 1.2125 0.0 2456307.22436 1.0 9.0 0.0
-0.43519834966 7598224.70959 1423925.58132 1.2125 0.0 2456307.22581 1.0 9.0 0.0
-0.43401266772 7599014.90282 1424068.32707 1.2125 0.0 2456307.22726 1.0 9.0 0.0
-0.432826533049 7602416.76348 1424785.94065 1.2125 0.0 2456307.2287 1.0 9.0 0.0
-0.431640699562 7601917.46193 1424682.39296 1.2125 0.0 2456307.23015 1.0 9.0 0.0
-0.430454720637 7600489.06517 1424279.30529 1.2125 0.0 2456307.2316 1.0 9.0 0.0
-0.429269047859 7603287.98579 1424934.51974 1.2125 0.0 2456307.23304 1.0 9.0 0.0
-0.428082918531 7607386.06827 1425670.54916 1.2125 0.0 2456307.23449 1.0 9.0 0.0
-0.426897095733 7606345.52934 1425476.7893 1.2125 0.0 2456307.23594 1.0 9.0 0.0
-0.425711132459 7606386.82596 1425443.2359 1.2125 0.0 2456307.23738 1.0 9.0 0.0
-0.424525467315 7606365.64846 1425504.38797 1.2125 0.0 2456307.23883 1.0 9.0 0.0
-0.423339350585 7606049.77702 1425321.56422 1.2125 0.0 2456307.24028 1.0 9.0 0.0
-0.422153548019 7606320.4339 1425389.52658 1.2125 0.0 2456307.24172 1.0 9.0 0.0
-0.420967588562 7603708.31743 1424827.44556 1.2125 0.0 2456307.24317 1.0 9.0 0.0
-0.419781935252 7603444.64947 1424892.3496 1.2125 0.0 2456307.24461 1.0 9.0 0.0
-0.418595837226 7604395.49968 1425026.42106 1.2125 0.0 2456307.24606 1.0 9.0 0.0
-0.41741003695 7602690.07241 1424827.9389 1.2125 0.0 2456307.24751 1.0 9.0 0.0
-0.416224086654 7604559.83252 1425082.99696 1.2125 0.0 2456307.24895 1.0 9.0 0.0
0.318950816244 7570697.34006 1418659.60202 1.2125 0.0 2456256.9112 0.0 4.0 0.0
0.320136860827 7589113.45233 1422192.81421 1.2125 0.0 2456256.91264 0.0 4.0 0.0
0.321322755008 7599102.93686 1423992.79717 1.2125 0.0 2456256.91409 0.0 4.0 0.0
0.322508795011 7604064.67946 1424926.24815 1.2125 0.0 2456256.91554 0.0 4.0 0.0
0.323694680794 7608278.63797 1425673.41219 1.2125 0.0 2456256.91698 0.0 4.0 0.0
0.324880720415 7609685.67087 1425971.43163 1.2125 0.0 2456256.91843 0.0 4.0 0.0
0.326066601236 7614532.87097 1426746.13315 1.2125 0.0 2456256.91988 0.0 4.0 0.0
0.327252632077 7613957.358 1426657.3092 1.2125 0.0 2456256.92132 0.0 4.0 0.0
0.328438512897 7613162.76408 1426514.08476 1.2125 0.0 2456256.92277 0.0 4.0 0.0
0.329624539158 7617296.28718 1427225.22445 1.2125 0.0 2456256.92422 0.0 4.0 0.0
0.330810411581 7617523.46884 1427284.58601 1.2125 0.0 2456256.92566 0.0 4.0 0.0
0.331996438986 7617312.88247 1427188.41177 1.2125 0.0 2456256.92711 0.0 4.0 0.0
0.333182308355 7618039.49387 1427402.14331 1.2125 0.0 2456256.92856 0.0 4.0 0.0
0.334368328507 7617788.2351 1427352.53881 1.2125 0.0 2456256.93 0.0 4.0 0.0
0.335554200167 7617514.50504 1427269.48623 1.2125 0.0 2456256.93145 0.0 4.0 0.0
0.336740222991 7618314.73763 1427444.35409 1.2125 0.0 2456256.9329 0.0 4.0 0.0
0.337926085489 7619044.07174 1427615.20931 1.2125 0.0 2456256.93434 0.0 4.0 0.0
0.339112108314 7616109.51374 1427010.44706 1.2125 0.0 2456256.93579 0.0 4.0 0.0
0.34029797921 7616450.39614 1427140.22979 1.2125 0.0 2456256.93724 0.0 4.0 0.0
0.364766831063 7587050.98014 1421462.7875 1.2125 0.0 2456256.96709 0.0 4.0 0.0
0.365952731734 7598213.2435 1423647.91156 1.2125 0.0 2456256.96853 0.0 4.0 0.0
0.367138787769 7602501.81381 1424467.15797 1.2125 0.0 2456256.96998 0.0 4.0 0.0
0.368324692257 7604971.20009 1424985.81329 1.2125 0.0 2456256.97143 0.0 4.0 0.0
0.369510739131 7608399.5354 1425576.50899 1.2125 0.0 2456256.97287 0.0 4.0 0.0
0.370696640947 7606673.19508 1425242.26523 1.2125 0.0 2456256.97432 0.0 4.0 0.0
0.371882693165 7611112.88386 1426112.86666 1.2125 0.0 2456256.97577 0.0 4.0 0.0
0.37306858391 7611998.92996 1426237.45285 1.2125 0.0 2456256.97721 0.0 4.0 0.0
0.374254632311 7610658.76912 1426042.61292 1.2125 0.0 2456256.97866 0.0 4.0 0.0
0.375440527638 7613501.46376 1426561.9387 1.2125 0.0 2456256.98011 0.0 4.0 0.0
0.378998494571 7610549.26041 1425990.69171 1.2125 0.0 2456256.98445 0.0 4.0 0.0
0.380184372338 7609777.85229 1425855.17036 1.2125 0.0 2456256.98589 0.0 4.0 0.0
0.381370407378 7607269.86909 1425391.76476 1.2125 0.0 2456256.98734 0.0 4.0 0.0
0.382556288962 7609345.64054 1425741.79447 1.2125 0.0 2456256.98879 0.0 4.0 0.0
0.383742311787 7605916.03602 1425055.7657 1.2125 0.0 2456256.99023 0.0 4.0 0.0
0.384928189172 7607230.87325 1425238.07285 1.2125 0.0 2456256.99168 0.0 4.0 0.0
0.386114216578 7605518.70277 1425012.9504 1.2125 0.0 2456256.99313 0.0 4.0 0.0
0.387300082511 7602257.35813 1424470.65857 1.2125 0.0 2456256.99457 0.0 4.0 0.0
0.388486106863 7602858.40878 1424616.78857 1.2125 0.0 2456256.99602 0.0 4.0 0.0
0.389671978904 7605084.8031 1424962.41503 1.2125 0.0 2456256.99747 0.0 4.0 0.0
0.390857997529 7603827.1495 1424759.28178 1.2125 0.0 2456256.99891 0.0 4.0 0.0
0.392043864226 7603399.00161 1424629.0524 1.2125 0.0 2456257.00036 0.0 4.0 0.0
0.393229886669 7604714.42459 1424925.27473 1.2125 0.0 2456257.00181 0.0 4.0 0.0
0.394415753366 7605753.92207 1425105.81462 1.2125 0.0 2456257.00325 0.0 4.0 0.0
0.395601772755 7607897.24077 1425564.79075 1.2125 0.0 2456257.0047 0.0 4.0 0.0
0.419264110474 7600511.97502 1423850.91555 1.2125 0.0 2456257.03357 0.0 4.0 0.0
0.420450006946 7607803.54859 1425368.97689 1.2125 0.0 2456257.03501 0.0 4.0 0.0
0.422821967088 7611296.04279 1426106.06052 1.2125 0.0 2456257.03791 0.0 4.0 0.0
0.424008017779 7611968.92889 1426258.41082 1.2125 0.0 2456257.03935 0.0 4.0 0.0
0.426379967232 7614038.09497 1426608.08826 1.2125 0.0 2456257.04225 0.0 4.0 0.0
0.427565862177 7612973.55089 1426409.87468 1.2125 0.0 2456257.04369 0.0 4.0 0.0
0.42875190676 7611432.32962 1426116.26955 1.2125 0.0 2456257.04514 0.0 4.0 0.0
0.429937801323 7611248.34057 1426091.03799 1.2125 0.0 2456257.04659 0.0 4.0 0.0
0.431123841325 7609322.6157 1425736.56902 1.2125 0.0 2456257.04803 0.0 4.0 0.0
0.432309728254 7609655.97197 1425806.47067 1.2125 0.0 2456257.04948 0.0 4.0 0.0
0.433495767875 7611233.62701 1426216.1418 1.2125 0.0 2456257.05093 0.0 4.0 0.0
0.434681649841 7609234.79189 1425714.03702 1.2125 0.0 2456257.05237 0.0 4.0 0.0
0.435867680682 7607851.28678 1425522.87643 1.2125 0.0 2456257.05382 0.0 4.0 0.0
0.437053562266 7606411.52519 1425166.10188 1.2125 0.0 2456257.05527 0.0 4.0 0.0
0.438239588908 7605696.86553 1425076.97625 1.2125 0.0 2456257.05671 0.0 4.0 0.0
0.439425462476 7606197.22369 1425173.42452 1.2125 0.0 2456257.05816 0.0 4.0 0.0
0.4406114895 7608112.52646 1425540.52789 1.2125 0.0 2456257.05961 0.0 4.0 0.0
0.441797359632 7607598.05365 1425439.53715 1.2125 0.0 2456257.06105 0.0 4.0 0.0
0.442983379785 7607164.86001 1425402.36902 1.2125 0.0 2456257.0625 0.0 4.0 0.0
0.444169251826 7604663.78087 1424891.06153 1.2125 0.0 2456257.06395 0.0 4.0 0.0
0.44535527465 7606396.69887 1425189.13005 1.2125 0.0 2456257.06539 0.0 4.0 0.0
0.446541137148 7605730.98052 1425067.18785 1.2125 0.0 2456257.06684 0.0 4.0 0.0
0.447727159591 7608630.21152 1425595.12625 1.2125 0.0 2456257.06829 0.0 4.0 0.0
0.448913030487 7609459.59191 1425739.56242 1.2125 0.0 2456257.06973 0.0 4.0 0.0
0.473751817625 7589617.42971 1421684.3563 1.2125 0.0 2456257.10003 0.0 4.0 0.0
0.474937865644 7596652.04895 1423343.06533 1.2125 0.0 2456257.10148 0.0 4.0 0.0
0.477309825403 7596802.99024 1423389.42006 1.2125 0.0 2456257.10437 0.0 4.0 0.0
0.478495719967 7595943.2927 1423283.7177 1.2125 0.0 2456257.10582 0.0 4.0 0.0
0.47968177333 7596751.64706 1423513.45627 1.2125 0.0 2456257.10727 0.0 4.0 0.0
0.480867673619 7595490.51992 1423225.73345 1.2125 0.0 2456257.10871 0.0 4.0 0.0
0.482053719729 7598039.50551 1423620.30699 1.2125 0.0 2456257.11016 0.0 4.0 0.0
0.483239612383 7598413.32513 1423696.06181 1.2125 0.0 2456257.11161 0.0 4.0 0.0
0.484425658875 7595691.82923 1423145.77848 1.2125 0.0 2456257.11305 0.0 4.0 0.0
0.485611547331 7600662.37256 1424048.82599 1.2125 0.0 2456257.1145 0.0 4.0 0.0
0.486797585424 7603595.52813 1424686.21329 1.2125 0.0 2456257.11595 0.0 4.0 0.0
0.487983473498 7604420.86266 1424849.97126 1.2125 0.0 2456257.11739 0.0 4.0 0.0
0.489169507011 7605037.5622 1424946.5834 1.2125 0.0 2456257.11884 0.0 4.0 0.0
0.490355385924 7608433.29775 1425576.2491 1.2125 0.0 2456257.12029 0.0 4.0 0.0
0.491541419437 7611299.96337 1426145.31229 1.2125 0.0 2456257.12173 0.0 4.0 0.0
0.49272729415 7610713.07049 1425989.33741 1.2125 0.0 2456257.12318 0.0 4.0 0.0
0.493913319265 7611918.40031 1426244.47912 1.2125 0.0 2456257.12463 0.0 4.0 0.0
0.495099194741 7611517.77847 1426124.80267 1.2125 0.0 2456257.12607 0.0 4.0 0.0
0.496285216421 7613940.50441 1426574.81249 1.2125 0.0 2456257.12752 0.0 4.0 0.0
0.497471085027 7612949.32983 1426406.17359 1.2125 0.0 2456257.12897 0.0 4.0 0.0
0.499842975693 7612718.60577 1426436.46847 1.2125 0.0 2456257.13186 0.0 4.0 0.0
-0.496599113106 7610535.46148 1425914.69853 1.2125 0.0 2456257.1362 0.0 4.0 0.0
-0.471750918233 7591356.69858 1422220.46017 1.2125 0.0 2456257.16651 0.0 4.0 0.0
-0.468192911218 7605047.90459 1424918.28335 1.2125 0.0 2456257.17085 0.0 4.0 0.0
-0.467007012455 7609132.44088 1425721.91578 1.2125 0.0 2456257.1723 0.0 4.0 0.0
-0.465820963673 7609683.33953 1425846.82327 1.2125 0.0 2456257.17375 0.0 4.0 0.0
-0.464635063766 7612071.94293 1426266.58158 1.2125 0.0 2456257.17519 0.0 4.0 0.0
-0.463449013457 7614887.91869 1426674.53105 1.2125 0.0 2456257.17664 0.0 4.0 0.0
-0.46226312462 7617127.46352 1427145.6635 1.2125 0.0 2456257.17809 0.0 4.0 0.0
-0.46107707851 7618547.06373 1427428.49395 1.2125 0.0 2456257.17953 0.0 4.0 0.0
-0.459891186237 7618742.29196 1427471.36634 1.2125 0.0 2456257.18098 0.0 4.0 0.0
-0.458705152342 7619324.71168 1427586.69663 1.2125 0.0 2456257.18243 0.0 4.0 0.0
-0.45751926465 7619437.51169 1427666.73958 1.2125 0.0 2456257.18387 0.0 4.0 0.0
-0.456333226938 7621101.05032 1427886.57705 1.2125 0.0 2456257.18532 0.0 4.0 0.0
-0.455147351843 7618593.05006 1427357.39292 1.2125 0.0 2456257.18677 0.0 4.0 0.0
-0.453961319093 7617501.37969 1427209.57852 1.2125 0.0 2456257.18821 0.0 4.0 0.0
-0.452775439799 7618611.52946 1427414.15215 1.2125 0.0 2456257.18966 0.0 4.0 0.0
-0.451589419265 7617879.01679 1427239.25668 1.2125 0.0 2456257.19111 0.0 4.0 0.0
-0.450403543789 7616165.51783 1427052.65444 1.2125 0.0 2456257.19255 0.0 4.0 0.0
