822956879.918
823372973.699
823669627.975
823729889.621
823571237.502
823941526.625
823782128.491
823786162.972
823583013.416
823162974.296
823752685.337
823418517.447
823621372.117
823143772.65
823338240.442
823439973.713
823292606.594
823733033.374
823793489.72
823626201.692
823360100.693
823117249.039
823054019.835
822683025.699
822491369.389
822433700.422
822470812.719
822804803.085
822846319.486
822898657.65
823091816.683
822955063.44
823141093.135
823462907.928
823262353.483
823265237.35
823611909.439
823336252.203
823706667.023
823477911.158
823761206.598
822356714.187
822974355.252
822804225.559
823026251.971
823114767.103
823204457.629
823744200.048
823432762.842
823795395.81
824123294.506
823885983.168
823952990.709
823870442.372
823970408.956
823237931.956
822893216.065
822447553.76
821767688.365
821861976.989
821012956.079
821625831.512
821899196.74
821893142.502
821854488.14
822376917.98
822068306.554
822274267.611
822525882.878
822675088.106
822671958.805
822624332.578
822497506.677
822385801.18
822625910.818
822568113.311
822186213.996
822593986.152
822324640.926
