0.345126933741 812849520.739 843534121.499 812494532.748 875678222.28 2456306.95783 1 9 0
0.34631307681 817116515.006 848024766.76 816811660.458 879853200.669 2456306.95928 1 9 0
0.347498911442 818803064.677 849761221.034 818513958.909 881611329.554 2456306.96073 1 9 0
0.348684744547 819922633.77 850827686.674 819622256.132 882881186.012 2456306.96217 1 9 0
0.34987057956 820536723.487 851368474.805 820248696.476 883393587.699 2456306.96362 1 9 0
0.35105671156 821098998.992 851988936.931 820817399.495 883857486.145 2456306.96507 1 9 0
0.352242537411 821631801.208 852558783.985 821336526.165 884158976.32 2456306.96651 1 9 0
0.353428365554 821944550.756 852977080.886 821665670.105 884779065.261 2456306.96796 1 9 0
0.354614185679 822013927.249 852802774.847 821730532.93 884546507.655 2456306.96941 1 9 0
0.355800306609 822242748.206 853161071.298 821932208.5 885003404.524 2456306.97085 1 9 0
0.356986124826 822327212.536 853226815.478 822028349.971 884842258.754 2456306.9723 1 9 0
0.358171936172 822471954.37 853494931.629 822178453.585 885257183.714 2456306.97375 1 9 0
0.359357744464 822481603.507 853414153.328 822174880.079 884925085.235 2456306.97519 1 9 0
0.360543856995 822165417.246 852906832.451 821892749.567 884919184.859 2456306.97664 1 9 0
0.36172965918 822418909.966 853505742.449 822126874.57 885278840.26 2456306.97809 1 9 0
0.362915459074 822002840.712 852850045.073 821729619.373 884763849.273 2456306.97953 1 9 0
0.364101260495 821937738.801 852804158.807 821626841.369 884602666.099 2456306.98098 1 9 0
0.365287363483 821843510.429 852703870.323 821521934.479 884652488.671 2456306.98243 1 9 0
0.366473152689 821664166.982 852325194.814 821373368.21 884240098.541 2456306.98387 1 9 0
0.367658949147 821870126.251 852901757.031 821593208.736 884549460.094 2456306.98532 1 9 0
0.368844745224 821703652.204 852568681.223 821409946.661 884417277.888 2456306.98677 1 9 0
0.370030835233 821617129.762 852369502.397 821337496.944 884210620.791 2456306.98821 1 9 0
0.371216630547 821839927.68 852790724.708 821524042.699 884640359.757 2456306.98966 1 9 0
0.37240242586 821639505.313 852355819.92 821385589.802 884250281.73 2456306.99111 1 9 0
0.397837392006 821151234.922 851698951.909 820784953.773 883741170.026 2456307.02213 1 9 0
0.399023527822 822217280.322 853030411.16 821898337.478 884816479.971 2456307.02358 1 9 0
0.400209367798 822530731.736 853385997.927 822246298.132 885216636.716 2456307.02503 1 9 0
0.401395206629 822874979.306 853842508.859 822629090.96 885627211.699 2456307.02647 1 9 0
0.402581036298 822922001.463 853758612.329 822620237.565 885889608.87 2456307.02792 1 9 0
0.403767175932 822932243.048 853769586.614 822665855.67 885784190.046 2456307.02937 1 9 0
0.40613883298 823123650.418 854097879.513 822819122.888 886079936.975 2456307.03226 1 9 0
0.407324661885 823133395.006 853986473.438 822828268.114 885729324.236 2456307.03371 1 9 0
0.409696605613 822953372.949 853786198.798 822654055.886 885555054.422 2456307.0366 1 9 0
0.410882425357 822923236.082 853702424.202 822606504.668 885519861.396 2456307.03805 1 9 0
0.412068242811 822643093.606 853227060.079 822342317.68 885371563.898 2456307.03949 1 9 0
0.413254355342 822938307.445 853837592.195 822650665.492 885565715.991 2456307.04094 1 9 0
0.414440162107 822688579.727 853491149.428 822379202.37 885288471.843 2456307.04239 1 9 0
0.415625969636 822773097.866 853708871.207 822479975.062 885435306.461 2456307.04383 1 9 0
0.416811770675 822537201.866 853314489.567 822226201.652 885278584.987 2456307.04528 1 9 0
0.417997872518 822577094.72 853297978.05 822262321.663 885180561.068 2456307.04673 1 9 0
0.419183673176 822615493.841 853482124.163 822353405.941 885311030.891 2456307.04817 1 9 0
0.420369467344 822548163.443 853405544.724 822287161.493 885383245.908 2456307.04962 1 9 0
0.452303218394 820785167.174 851278539.673 820433852.257 883732552.673 2456307.08858 1 9 0
0.453489058752 821787349.384 852613970.514 821486755.295 884718417.973 2456307.09002 1 9 0
0.454674899109 821787293.243 852736353.864 821487495.756 884794120.835 2456307.09147 1 9 0
0.455860729923 821667967.362 852466143.696 821375200.883 884146218.319 2456307.09291 1 9 0
0.457046870702 821450121.464 852262173.483 821163055.845 884084708.542 2456307.09436 1 9 0
0.458232706479 821296080.73 852157950.791 821011980.485 884100270.921 2456307.09581 1 9 0
0.459418532331 821125346.047 852104084.112 820836932.673 884227848.315 2456307.09726 1 9 0
0.460604363527 820778962.228 851570262.598 820480971.191 883402701.928 2456307.0987 1 9 0
0.461790495908 820675712.892 851380248.784 820384492.04 883760730.875 2456307.10015 1 9 0
0.462976313362 820652139.42 851295964.729 820363436.134 883319277.851 2456307.1016 1 9 0
0.464162136542 820617460.485 851321742.604 820302098.874 883342653.635 2456307.10304 1 9 0
0.465347956286 820900544.132 851760089.967 820594626.266 883543449.699 2456307.10449 1 9 0
0.466534072253 820883627.895 851750771.731 820569918.47 883905024.442 2456307.10594 1 9 0
0.46771988169 820927081.301 851746099.362 820623554.669 883586311.158 2456307.10738 1 9 0
0.468905692273 821116777.175 851973964.729 820817897.36 883622138.053 2456307.10883 1 9 0
0.470091496366 821112622.101 851858278.626 820812181.888 883822436.067 2456307.11027 1 9 0
0.471277600499 821242820.661 851994841.322 820933281.25 883848196.563 2456307.11172 1 9 0
0.472463403065 821433580.97 852452392.91 821152938.194 884228098.18 2456307.11317 1 9 0
0.473649199524 821414243.845 852113628.737 821106995.788 884128166.884 2456307.11461 1 9 0
0.474834994074 821415486.17 852083552.925 821100474.913 884040451.886 2456307.11606 1 9 0
0.476021094771 821615703.186 852425784.647 821320815.56 884182999.7 2456307.11751 1 9 0
0.477206886649 821497249.714 852233938.668 821201848.403 884170083.081 2456307.11895 1 9 0
0.478392829692 821714388.91 852695773.123 821452579.733 884505550.717 2456307.1204 1 9 0
0.479578473077 821582958.834 852332121.532 821319842.619 884248262.554 2456307.12185 1 9 0
0.480764567667 821698757.051 852599169.637 821381883.433 884576720.574 2456307.12329 1 9 0
-0.49322169025 819252602.506 849549016.671 818909485.07 882112191.382 2456307.15503 1 9 0
-0.492036001439 820455849.726 851107140.536 820140212.254 883091936.302 2456307.15647 1 9 0
-0.490849862568 820961768.552 851835851.142 820621648.164 883783489.364 2456307.15792 1 9 0
-0.489664027937 820934520.957 851748679.491 820623676.09 883951000.453 2456307.15937 1 9 0
-0.488478038704 821143181.367 852001563.966 820851228.908 883889171.063 2456307.16081 1 9 0
-0.487292358674 821273401.879 852008743.782 821006625.463 884052313.791 2456307.16226 1 9 0
-0.486106225529 821401771.226 852132621.757 821087476.099 884235364.111 2456307.16371 1 9 0
-0.484920394333 821680130.106 852545340.277 821380035.131 884429290.719 2456307.16515 1 9 0
-0.483734418079 821667625.876 852311105.646 821352687.126 884332723.031 2456307.1666 1 9 0
-0.482548747973 821893028.68 852676155.827 821602605.896 884585946.462 2456307.16805 1 9 0
-0.4813626217 822137746.942 853123607.848 821844299.271 885032532.525 2456307.16949 1 9 0
-0.480176801956 822026222.694 852798480.075 821716419.959 884848893.048 2456307.17094 1 9 0
-0.478990841735 822103674.441 852813587.453 821787186.473 884977602.964 2456307.17239 1 9 0
-0.476619065969 822014898.166 852652861.45 821681653.032 884845382.755 2456307.17528 1 9 0
-0.474247309671 822068695.344 852790449.784 821741246.946 884709936.047 2456307.17817 1 9 0
-0.470689764168 821705386.765 852458754.257 821402049.096 884385539.674 2456307.18251 1 9 0
-0.468318179267 821541082.325 852537426.036 821252113.839 884370537.768 2456307.18541 1 9 0
-0.46713208086 821388356.266 852355133.684 821108761.943 884219668.987 2456307.18685 1 9 0
-0.465946285165 821009905.897 851716373.387 820712058.331 883807018.033 2456307.1883 1 9 0
-0.464760346321 821126839.182 851984800.121 820850277.581 883823746.673 2456307.18975 1 9 0
-0.438756315066 819405272.648 849726293.896 819017766.463 882020180.264 2456307.22147 1 9 0
-0.437570175432 820380872.276 851018939.553 820082758.777 883466816.19 2456307.22292 1 9 0
-0.436384340037 820824878.023 851644754.865 820534185.959 883433933.416 2456307.22436 1 9 0
-0.43519834966 821028145.972 851877936.927 820760717.418 883902115.661 2456307.22581 1 9 0
-0.43401266772 821120943.724 852023695.091 820832485.593 883732218.009 2456307.22726 1 9 0
-0.432826533049 821194205.953 851826741.586 820906598.425 883784906.786 2456307.2287 1 9 0
-0.431640699562 821486133.831 852408053.584 821196909.075 884137922.565 2456307.23015 1 9 0
-0.430454720637 821378719.852 851977288.695 821083901.414 884044839.105 2456307.2316 1 9 0
-0.429269047859 821543041.0 852388172.378 821217765.369 884438558.75 2456307.23304 1 9 0
-0.428082918531 821774695.709 852610692.044 821481250.005 884246612.195 2456307.23449 1 9 0
-0.426897095733 821867637.728 852771829.104 821552900.9 884541422.268 2456307.23594 1 9 0
-0.425711132459 821868748.359 852705158.334 821588672.532 884356901.99 2456307.23738 1 9 0
-0.424525467315 821857361.082 852599331.052 821554173.49 884463024.26 2456307.23883 1 9 0
-0.423339350585 821837122.571 852518666.397 821496833.005 884518044.454 2456307.24028 1 9 0
-0.422153548019 821676073.616 852266014.613 821392166.443 884192084.449 2456307.24172 1 9 0
-0.420967588562 821801855.029 852673624.787 821473827.263 884612062.319 2456307.24317 1 9 0
-0.419781935252 821742626.291 852569302.668 821418388.34 884343383.949 2456307.24461 1 9 0
-0.418595837226 821510581.082 852112456.396 821188298.69 883935987.246 2456307.24606 1 9 0
-0.41741003695 821749289.226 852665937.564 821457391.849 884415546.836 2456307.24751 1 9 0
-0.416224086654 821600266.171 852406910.472 821276682.021 884399386.57 2456307.24895 1 9 0
0.318950816244 818208127.391 849028208.135 817967838.409 880777091.632 2456256.9112 0 4 0
0.320136860827 820710900.241 851558308.823 820458978.601 883426549.898 2456256.91264 0 4 0
0.321322755008 821840968.964 852739568.816 821601064.821 884508198.875 2456256.91409 0 4 0
0.322508795011 822567590.665 853426786.094 822301519.839 885174857.876 2456256.91554 0 4 0
0.323694680794 823090562.574 854033630.602 822822647.656 885923989.888 2456256.91698 0 4 0
0.324880720415 823468848.96 854462242.753 823204309.988 886152957.189 2456256.91843 0 4 0
0.326066601236 823467212.782 854185655.781 823196279.836 886109421.085 2456256.91988 0 4 0
0.327252632077 823624716.937 854287670.924 823363003.799 886387619.254 2456256.92132 0 4 0
0.328438512897 823836066.977 854613631.215 823559296.529 886799195.412 2456256.92277 0 4 0
0.329624539158 823893985.383 854497692.465 823640268.648 886420160.768 2456256.92422 0 4 0
0.330810411581 823969509.284 854617726.792 823693315.606 886566169.746 2456256.92566 0 4 0
0.331996438986 824152111.673 854970845.374 823873933.228 886934167.58 2456256.92711 0 4 0
0.333182308355 824130176.46 854814616.176 823850392.513 886626672.817 2456256.92856 0 4 0
0.334368328507 824086081.998 854901928.405 823842390.215 886896898.185 2456256.93 0 4 0
0.335554200167 824228586.739 855044180.244 823945222.876 886911305.11 2456256.93145 0 4 0
0.336740222991 823964784.735 854601034.576 823675218.248 886906210.313 2456256.9329 0 4 0
0.337926085489 824055920.329 854903978.923 823785473.564 886948260.054 2456256.93434 0 4 0
0.339112108314 823847755.426 854501203.571 823571112.772 886630451.243 2456256.93579 0 4 0
0.34029797921 823834717.11 854623643.87 823526430.032 886686576.966 2456256.93724 0 4 0
0.364766831063 820844327.817 851261151.632 820493947.828 884066773.412 2456256.96709 0 4 0
0.365952731734 822108666.937 852813226.66 821828704.22 884803876.193 2456256.96853 0 4 0
0.367138787769 822243095.124 852818261.383 821926285.268 885240685.127 2456256.96998 0 4 0
0.368324692257 822554455.857 853160681.594 822257405.56 885283047.217 2456256.97143 0 4 0
0.369510739131 822912170.626 853651248.198 822603965.568 885763775.316 2456256.97287 0 4 0
0.370696640947 822681201.643 853070701.417 822376913.267 885589040.398 2456256.97432 0 4 0
0.371882693165 823175715.514 853944442.111 822894979.734 886055619.574 2456256.97577 0 4 0
0.37306858391 823190459.349 853854239.052 822909913.841 885932485.506 2456256.97721 0 4 0
0.374254632311 823158926.191 853748172.293 822860157.967 885874260.204 2456256.97866 0 4 0
0.375440527638 823248678.666 853903695.046 822967964.309 885890868.271 2456256.98011 0 4 0
0.378998494571 823015926.467 853639736.183 822714850.526 885818698.754 2456256.98445 0 4 0
0.380184372338 823044072.96 853718260.561 822722622.619 885995301.713 2456256.98589 0 4 0
0.381370407378 823085276.427 853896959.691 822793894.919 885794764.38 2456256.98734 0 4 0
0.382556288962 822926176.168 853671010.588 822618732.75 885562442.348 2456256.98879 0 4 0
0.383742311787 822785174.839 853528559.728 822499379.583 885477580.375 2456256.99023 0 4 0
0.384928189172 822427342.147 852932945.531 822122505.111 885151735.262 2456256.99168 0 4 0
0.386114216578 822543685.67 853355702.928 822256001.423 885388713.152 2456256.99313 0 4 0
0.387300082511 822435242.521 853158728.269 822107937.118 885246872.864 2456256.99457 0 4 0
0.388486106863 822489565.787 853254946.98 822192454.215 885067558.325 2456256.99602 0 4 0
0.389671978904 822326998.408 852992704.151 822043719.135 885183753.581 2456256.99747 0 4 0
0.390857997529 822407985.849 853091640.496 822134292.881 885183454.113 2456256.99891 0 4 0
0.392043864226 822524251.018 853392224.53 822221064.623 885391991.361 2456257.00036 0 4 0
0.393229886669 822460063.725 853079415.359 822157437.476 885315950.438 2456257.00181 0 4 0
0.394415753366 822493908.711 853081929.043 822178083.578 885408797.069 2456257.00325 0 4 0
0.395601772755 822807805.239 853619853.229 822523634.736 885695251.189 2456257.0047 0 4 0
0.419264110474 821656460.924 851961010.868 821293522.655 884715617.993 2456257.03357 0 4 0
0.420450006946 822569886.648 853115244.611 822254771.168 885380808.767 2456257.03501 0 4 0
0.422821967088 822949268.801 853622813.822 822627078.429 885865311.422 2456257.03791 0 4 0
0.424008017779 823090086.126 853882624.33 822800135.029 886042916.217 2456257.03935 0 4 0
0.426379967232 823104445.884 853792615.805 822815434.812 885906333.861 2456257.04225 0 4 0
0.427565862177 823194980.086 853988530.701 822884943.863 886031763.007 2456257.04369 0 4 0
0.42875190676 822975822.809 853627464.579 822688341.854 885751411.799 2456257.04514 0 4 0
0.429937801323 822958800.609 853677155.889 822660512.754 885882007.416 2456257.04659 0 4 0
0.431123841325 823147888.356 854053489.116 822844851.161 885916679.559 2456257.04803 0 4 0
0.432309728254 822623927.795 853071684.425 822347341.706 885381113.637 2456257.04948 0 4 0
0.433495767875 822862425.406 853686512.015 822553344.591 885671791.557 2456257.05093 0 4 0
0.434681649841 822788260.643 853623807.234 822490584.801 885510418.398 2456257.05237 0 4 0
0.435867680682 822768527.13 853593532.525 822455414.77 885574657.471 2456257.05382 0 4 0
0.437053562266 822637722.962 853283659.526 822315788.733 885121563.907 2456257.05527 0 4 0
0.438239588908 822683242.607 853501620.253 822379102.316 885370160.591 2456257.05671 0 4 0
0.439425462476 822565507.488 853389983.917 822289693.465 885412064.664 2456257.05816 0 4 0
0.4406114895 822557096.365 853440038.987 822294005.951 885415213.484 2456257.05961 0 4 0
0.441797359632 822510518.631 853179553.646 822191230.206 885102711.314 2456257.06105 0 4 0
0.442983379785 822493075.283 853239300.161 822194009.807 885264970.119 2456257.0625 0 4 0
0.444169251826 822692716.767 853590463.187 822389073.598 885445647.928 2456257.06395 0 4 0
0.44535527465 822350934.827 852898231.297 822034873.62 885138299.276 2456257.06539 0 4 0
0.446541137148 822453048.257 853076147.631 822133899.04 885174701.478 2456257.06684 0 4 0
0.447727159591 822606633.005 853270852.662 822300293.305 885563783.814 2456257.06829 0 4 0
0.448913030487 822631860.412 853183726.835 822321008.813 885408434.719 2456257.06973 0 4 0
0.473751817625 820190885.842 850530347.27 819791326.491 883105286.434 2456257.10003 0 4 0
0.474937865644 820972847.713 851501602.109 820642715.604 883747316.996 2456257.10148 0 4 0
0.477309825403 821228304.832 851943857.028 820900032.473 884081830.206 2456257.10437 0 4 0
0.478495719967 821321342.771 852031559.303 821003124.396 883769521.214 2456257.10582 0 4 0
0.47968177333 821300193.434 852032026.076 820990047.862 884063715.836 2456257.10727 0 4 0
0.480867673619 821246942.032 851966282.501 820943570.421 884095814.43 2456257.10871 0 4 0
0.482053719729 821406422.41 852019969.427 821087604.435 883971685.612 2456257.11016 0 4 0
0.483239612383 821346764.819 852032966.823 821043394.37 884166570.287 2456257.11161 0 4 0
0.484425658875 821390541.995 851971528.338 821075129.081 883945571.495 2456257.11305 0 4 0
0.485611547331 821638006.072 852329423.03 821319946.58 884475722.085 2456257.1145 0 4 0
0.486797585424 821907167.143 852772059.758 821586243.469 884756113.274 2456257.11595 0 4 0
0.487983473498 821897605.638 852662973.236 821585113.247 884841196.88 2456257.11739 0 4 0
0.489169507011 821962635.543 852637067.077 821650968.876 884639815.965 2456257.11884 0 4 0
0.490355385924 822257333.772 852996779.308 821984932.257 884895140.189 2456257.12029 0 4 0
0.491541419437 822365763.77 853112140.649 822050292.256 885117132.666 2456257.12173 0 4 0
0.49272729415 822523199.78 853263616.7 822199453.947 885387768.887 2456257.12318 0 4 0
0.493913319265 822600360.351 853420486.865 822296762.64 885588747.152 2456257.12463 0 4 0
0.495099194741 822584009.707 853176036.725 822289318.762 885065046.426 2456257.12607 0 4 0
0.496285216421 822612895.559 853290593.836 822289257.044 885358199.326 2456257.12752 0 4 0
0.497471085027 822807852.197 853600423.459 822484397.988 885575722.067 2456257.12897 0 4 0
0.499842975693 822837510.554 853788693.185 822502506.874 885795685.038 2456257.13186 0 4 0
-0.496599113106 822581353.799 853321135.669 822317643.953 885251694.967 2456257.1362 0 4 0
-0.471750918233 820268983.876 850730943.364 819897929.31 883016834.598 2456257.16651 0 4 0
-0.468192911218 822191056.848 852997560.268 821876183.478 885009884.538 2456257.17085 0 4 0
-0.467007012455 822194452.171 852738242.401 821878982.012 884775464.853 2456257.1723 0 4 0
-0.465820963673 822701707.942 853594604.035 822369309.056 885640874.848 2456257.17375 0 4 0
-0.464635063766 822738928.123 853426537.769 822417584.538 885672502.947 2456257.17519 0 4 0
-0.463449013457 822975739.644 853715060.05 822665061.604 885790869.367 2456257.17664 0 4 0
-0.46226312462 823265366.6 854066670.347 822927636.035 885851855.671 2456257.17809 0 4 0
-0.46107707851 823319599.995 854164502.9 822993860.067 886094211.526 2456257.17953 0 4 0
-0.459891186237 823359267.844 854128677.823 823035331.361 886216700.623 2456257.18098 0 4 0
-0.458705152342 823618217.058 854509281.629 823318281.468 886375355.417 2456257.18243 0 4 0
-0.45751926465 823579664.192 854351840.444 823269879.872 886171681.979 2456257.18387 0 4 0
-0.456333226938 823642793.085 854326694.061 823326029.66 886266483.775 2456257.18532 0 4 0
-0.455147351843 823599794.413 854297581.606 823289277.423 886450349.824 2456257.18677 0 4 0
-0.453961319093 823605054.769 854213532.31 823289269.105 886335870.106 2456257.18821 0 4 0
-0.452775439799 823575914.893 854241245.181 823216629.491 886369995.023 2456257.18966 0 4 0
-0.451589419265 823442469.361 854057330.545 823095066.58 886277655.219 2456257.19111 0 4 0
-0.450403543789 823457179.559 854302915.267 823133919.719 886516492.388 2456257.19255 0 4 0
