#time 		photoelectrons 	error 		visit 	orbit 	scan 	wave_center 	wave_start 	wave_end
0.345126933741 7476608.01979 781519.824933 1.20609090909 0.0 2456306.95783 1.0 9.0 0.0
0.34631307681 7519506.95476 786150.573053 1.20609090909 0.0 2456306.95928 1.0 9.0 0.0
0.347498911442 7534749.84436 787732.568669 1.20609090909 0.0 2456306.96073 1.0 9.0 0.0
0.348684744547 7544955.31235 788763.437357 1.20609090909 0.0 2456306.96217 1.0 9.0 0.0
0.34987057956 7551786.45984 789512.549186 1.20609090909 0.0 2456306.96362 1.0 9.0 0.0
0.35105671156 7556444.83309 790002.2239 1.20609090909 0.0 2456306.96507 1.0 9.0 0.0
0.352242537411 7562165.34588 790561.036599 1.20609090909 0.0 2456306.96651 1.0 9.0 0.0
0.353428365554 7565469.37402 790908.53012 1.20609090909 0.0 2456306.96796 1.0 9.0 0.0
0.354614185679 7565175.05368 790843.42268 1.20609090909 0.0 2456306.96941 1.0 9.0 0.0
0.355800306609 7567649.15015 791147.493727 1.20609090909 0.0 2456306.97085 1.0 9.0 0.0
0.356986124826 7569167.1433 791260.997447 1.20609090909 0.0 2456306.9723 1.0 9.0 0.0
0.358171936172 7569039.31611 791320.584628 1.20609090909 0.0 2456306.97375 1.0 9.0 0.0
0.359357744464 7568857.2256 791259.445646 1.20609090909 0.0 2456306.97519 1.0 9.0 0.0
0.360543856995 7566862.97106 791047.142193 1.20609090909 0.0 2456306.97664 1.0 9.0 0.0
0.36172965918 7567740.95287 791109.959131 1.20609090909 0.0 2456306.97809 1.0 9.0 0.0
0.362915459074 7566455.51408 791032.04572 1.20609090909 0.0 2456306.97953 1.0 9.0 0.0
0.364101260495 7566033.16187 790957.088515 1.20609090909 0.0 2456306.98098 1.0 9.0 0.0
0.365287363483 7563392.68964 790662.587776 1.20609090909 0.0 2456306.98243 1.0 9.0 0.0
0.366473152689 7563736.2998 790709.125392 1.20609090909 0.0 2456306.98387 1.0 9.0 0.0
0.367658949147 7563401.19042 790735.990249 1.20609090909 0.0 2456306.98532 1.0 9.0 0.0
0.368844745224 7564093.32998 790769.046762 1.20609090909 0.0 2456306.98677 1.0 9.0 0.0
0.370030835233 7562798.70136 790606.265411 1.20609090909 0.0 2456306.98821 1.0 9.0 0.0
0.371216630547 7564340.07006 790813.232353 1.20609090909 0.0 2456306.98966 1.0 9.0 0.0
0.37240242586 7562839.05893 790658.751736 1.20609090909 0.0 2456306.99111 1.0 9.0 0.0
0.397837392006 7558894.74257 790054.497326 1.20609090909 0.0 2456307.02213 1.0 9.0 0.0
0.399023527822 7568689.21363 791221.997282 1.20609090909 0.0 2456307.02358 1.0 9.0 0.0
0.400209367798 7571587.92858 791519.271938 1.20609090909 0.0 2456307.02503 1.0 9.0 0.0
0.401395206629 7574866.72567 791858.209783 1.20609090909 0.0 2456307.02647 1.0 9.0 0.0
0.402581036298 7574880.03332 791864.049472 1.20609090909 0.0 2456307.02792 1.0 9.0 0.0
0.403767175932 7576213.40813 792062.490924 1.20609090909 0.0 2456307.02937 1.0 9.0 0.0
0.40613883298 7577530.08863 792158.791009 1.20609090909 0.0 2456307.03226 1.0 9.0 0.0
0.407324661885 7577008.67889 792144.707058 1.20609090909 0.0 2456307.03371 1.0 9.0 0.0
0.409696605613 7575440.23657 791943.977952 1.20609090909 0.0 2456307.0366 1.0 9.0 0.0
0.410882425357 7575034.26472 791896.863533 1.20609090909 0.0 2456307.03805 1.0 9.0 0.0
0.412068242811 7572699.04249 791668.987778 1.20609090909 0.0 2456307.03949 1.0 9.0 0.0
0.413254355342 7573135.37511 791698.557377 1.20609090909 0.0 2456307.04094 1.0 9.0 0.0
0.414440162107 7574391.93879 791862.200515 1.20609090909 0.0 2456307.04239 1.0 9.0 0.0
0.415625969636 7571928.40554 791617.516671 1.20609090909 0.0 2456307.04383 1.0 9.0 0.0
0.416811770675 7570677.42653 791501.521768 1.20609090909 0.0 2456307.04528 1.0 9.0 0.0
0.417997872518 7571976.11045 791579.972156 1.20609090909 0.0 2456307.04673 1.0 9.0 0.0
0.419183673176 7571658.64209 791513.346508 1.20609090909 0.0 2456307.04817 1.0 9.0 0.0
0.420369467344 7570314.89413 791386.86795 1.20609090909 0.0 2456307.04962 1.0 9.0 0.0
0.452303218394 7557500.65511 789965.700377 1.20609090909 0.0 2456307.08858 1.0 9.0 0.0
0.453489058752 7565275.19486 790842.341719 1.20609090909 0.0 2456307.09002 1.0 9.0 0.0
0.454674899109 7563618.73199 790710.099276 1.20609090909 0.0 2456307.09147 1.0 9.0 0.0
0.455860729923 7565887.44097 790945.257393 1.20609090909 0.0 2456307.09291 1.0 9.0 0.0
0.457046870702 7561411.21397 790500.116352 1.20609090909 0.0 2456307.09436 1.0 9.0 0.0
0.458232706479 7559547.56377 790302.803434 1.20609090909 0.0 2456307.09581 1.0 9.0 0.0
0.459418532331 7559374.91526 790331.302805 1.20609090909 0.0 2456307.09726 1.0 9.0 0.0
0.460604363527 7556418.50608 789996.539031 1.20609090909 0.0 2456307.0987 1.0 9.0 0.0
0.461790495908 7554505.33651 789771.82606 1.20609090909 0.0 2456307.10015 1.0 9.0 0.0
0.462976313362 7555910.94304 789953.203311 1.20609090909 0.0 2456307.1016 1.0 9.0 0.0
0.464162136542 7553471.24763 789670.583733 1.20609090909 0.0 2456307.10304 1.0 9.0 0.0
0.465347956286 7556532.50055 790024.732185 1.20609090909 0.0 2456307.10449 1.0 9.0 0.0
0.466534072253 7556172.56634 789936.493369 1.20609090909 0.0 2456307.10594 1.0 9.0 0.0
0.46771988169 7557464.66051 790083.404855 1.20609090909 0.0 2456307.10738 1.0 9.0 0.0
0.468905692273 7559122.08168 790295.191342 1.20609090909 0.0 2456307.10883 1.0 9.0 0.0
0.470091496366 7560543.89261 790431.715681 1.20609090909 0.0 2456307.11027 1.0 9.0 0.0
0.471277600499 7559981.91403 790362.331532 1.20609090909 0.0 2456307.11172 1.0 9.0 0.0
0.472463403065 7561172.11344 790499.318157 1.20609090909 0.0 2456307.11317 1.0 9.0 0.0
0.473649199524 7562113.0847 790561.75774 1.20609090909 0.0 2456307.11461 1.0 9.0 0.0
0.474834994074 7564339.10361 790803.27151 1.20609090909 0.0 2456307.11606 1.0 9.0 0.0
0.476021094771 7561949.18792 790540.442835 1.20609090909 0.0 2456307.11751 1.0 9.0 0.0
0.477206886649 7563394.39788 790717.785117 1.20609090909 0.0 2456307.11895 1.0 9.0 0.0
0.478392829692 7566525.6672 791081.055769 1.20609090909 0.0 2456307.1204 1.0 9.0 0.0
0.479578473077 7563428.39487 790710.792439 1.20609090909 0.0 2456307.12185 1.0 9.0 0.0
0.480764567667 7563649.09606 790723.856019 1.20609090909 0.0 2456307.12329 1.0 9.0 0.0
-0.49322169025 7543717.44659 788498.302284 1.20609090909 0.0 2456307.15503 1.0 9.0 0.0
-0.492036001439 7554407.51701 789660.464703 1.20609090909 0.0 2456307.15647 1.0 9.0 0.0
-0.490849862568 7556610.40428 789955.161319 1.20609090909 0.0 2456307.15792 1.0 9.0 0.0
-0.489664027937 7557407.43627 790061.303194 1.20609090909 0.0 2456307.15937 1.0 9.0 0.0
-0.488478038704 7558158.51787 790197.28744 1.20609090909 0.0 2456307.16081 1.0 9.0 0.0
-0.487292358674 7560945.09079 790451.23175 1.20609090909 0.0 2456307.16226 1.0 9.0 0.0
-0.486106225529 7564700.37088 790888.685769 1.20609090909 0.0 2456307.16371 1.0 9.0 0.0
-0.484920394333 7563980.51372 790795.86545 1.20609090909 0.0 2456307.16515 1.0 9.0 0.0
-0.483734418079 7566376.22301 790989.393591 1.20609090909 0.0 2456307.1666 1.0 9.0 0.0
-0.482548747973 7568141.89597 791228.39305 1.20609090909 0.0 2456307.16805 1.0 9.0 0.0
-0.4813626217 7567826.68688 791177.621779 1.20609090909 0.0 2456307.16949 1.0 9.0 0.0
-0.480176801956 7567337.12456 791053.699372 1.20609090909 0.0 2456307.17094 1.0 9.0 0.0
-0.478990841735 7569567.97073 791285.842984 1.20609090909 0.0 2456307.17239 1.0 9.0 0.0
-0.476619065969 7568228.1826 791167.067957 1.20609090909 0.0 2456307.17528 1.0 9.0 0.0
-0.474247309671 7568494.83264 791201.203292 1.20609090909 0.0 2456307.17817 1.0 9.0 0.0
-0.470689764168 7565250.68088 790882.874478 1.20609090909 0.0 2456307.18251 1.0 9.0 0.0
-0.468318179267 7561685.94976 790527.549407 1.20609090909 0.0 2456307.18541 1.0 9.0 0.0
-0.46713208086 7558238.7976 790158.705856 1.20609090909 0.0 2456307.18685 1.0 9.0 0.0
-0.465946285165 7558691.26116 790229.837853 1.20609090909 0.0 2456307.1883 1.0 9.0 0.0
-0.464760346321 7556445.48667 789957.45615 1.20609090909 0.0 2456307.18975 1.0 9.0 0.0
-0.438756315066 7543926.98442 788525.766964 1.20609090909 0.0 2456307.22147 1.0 9.0 0.0
-0.437570175432 7551840.85124 789469.150177 1.20609090909 0.0 2456307.22292 1.0 9.0 0.0
-0.436384340037 7557398.74082 790121.428802 1.20609090909 0.0 2456307.22436 1.0 9.0 0.0
-0.43519834966 7557116.03041 790053.408667 1.20609090909 0.0 2456307.22581 1.0 9.0 0.0
-0.43401266772 7557383.88806 790083.049318 1.20609090909 0.0 2456307.22726 1.0 9.0 0.0
-0.432826533049 7561270.01649 790525.776693 1.20609090909 0.0 2456307.2287 1.0 9.0 0.0
-0.431640699562 7560994.22323 790493.206604 1.20609090909 0.0 2456307.23015 1.0 9.0 0.0
-0.430454720637 7560111.19997 790331.780909 1.20609090909 0.0 2456307.2316 1.0 9.0 0.0
-0.429269047859 7561835.52748 790581.748128 1.20609090909 0.0 2456307.23304 1.0 9.0 0.0
-0.428082918531 7565895.94515 790979.116104 1.20609090909 0.0 2456307.23449 1.0 9.0 0.0
-0.426897095733 7564717.97393 790857.753006 1.20609090909 0.0 2456307.23594 1.0 9.0 0.0
-0.425711132459 7565393.06617 790903.286014 1.20609090909 0.0 2456307.23738 1.0 9.0 0.0
-0.424525467315 7565184.24075 790926.487961 1.20609090909 0.0 2456307.23883 1.0 9.0 0.0
-0.423339350585 7564615.68962 790792.915125 1.20609090909 0.0 2456307.24028 1.0 9.0 0.0
-0.422153548019 7564107.22642 790750.757372 1.20609090909 0.0 2456307.24172 1.0 9.0 0.0
-0.420967588562 7562526.61413 790545.57254 1.20609090909 0.0 2456307.24317 1.0 9.0 0.0
-0.419781935252 7562951.25711 790659.597175 1.20609090909 0.0 2456307.24461 1.0 9.0 0.0
-0.418595837226 7562480.54085 790583.293819 1.20609090909 0.0 2456307.24606 1.0 9.0 0.0
-0.41741003695 7561998.19482 790591.917154 1.20609090909 0.0 2456307.24751 1.0 9.0 0.0
-0.416224086654 7562549.07785 790598.935224 1.20609090909 0.0 2456307.24895 1.0 9.0 0.0
0.318950816244 7529976.23528 787145.623654 1.20609090909 0.0 2456256.9112 0.0 4.0 0.0
0.320136860827 7550527.60604 789344.499266 1.20609090909 0.0 2456256.91264 0.0 4.0 0.0
0.321322755008 7559765.8046 790265.182915 1.20609090909 0.0 2456256.91409 0.0 4.0 0.0
0.322508795011 7564429.70059 790759.282766 1.20609090909 0.0 2456256.91554 0.0 4.0 0.0
0.323694680794 7568223.97663 791134.469342 1.20609090909 0.0 2456256.91698 0.0 4.0 0.0
0.324880720415 7569416.33139 791275.295387 1.20609090909 0.0 2456256.91843 0.0 4.0 0.0
0.326066601236 7573659.43981 791647.127256 1.20609090909 0.0 2456256.91988 0.0 4.0 0.0
0.327252632077 7574325.2456 791718.754905 1.20609090909 0.0 2456256.92132 0.0 4.0 0.0
0.328438512897 7574644.57901 791758.368985 1.20609090909 0.0 2456256.92277 0.0 4.0 0.0
0.329624539158 7576333.82763 791909.085365 1.20609090909 0.0 2456256.92422 0.0 4.0 0.0
0.330810411581 7577550.65984 792040.354958 1.20609090909 0.0 2456256.92566 0.0 4.0 0.0
0.331996438986 7577440.78449 791995.909619 1.20609090909 0.0 2456256.92711 0.0 4.0 0.0
0.333182308355 7578001.55602 792097.700553 1.20609090909 0.0 2456256.92856 0.0 4.0 0.0
0.334368328507 7578967.48138 792199.388986 1.20609090909 0.0 2456256.93 0.0 4.0 0.0
0.335554200167 7577954.44243 792074.380135 1.20609090909 0.0 2456256.93145 0.0 4.0 0.0
0.336740222991 7577404.09928 792029.554525 1.20609090909 0.0 2456256.9329 0.0 4.0 0.0
0.337926085489 7579196.91077 792238.26483 1.20609090909 0.0 2456256.93434 0.0 4.0 0.0
0.339112108314 7576439.17888 791922.986154 1.20609090909 0.0 2456256.93579 0.0 4.0 0.0
0.34029797921 7576063.86631 791913.977616 1.20609090909 0.0 2456256.93724 0.0 4.0 0.0
0.364766831063 7548067.99256 788894.758074 1.20609090909 0.0 2456256.96709 0.0 4.0 0.0
0.365952731734 7558253.3769 790006.605327 1.20609090909 0.0 2456256.96853 0.0 4.0 0.0
0.367138787769 7562319.74533 790446.461189 1.20609090909 0.0 2456256.96998 0.0 4.0 0.0
0.368324692257 7564798.24797 790732.062076 1.20609090909 0.0 2456256.97143 0.0 4.0 0.0
0.369510739131 7567840.65812 791022.662252 1.20609090909 0.0 2456256.97287 0.0 4.0 0.0
0.370696640947 7566971.69522 790923.672941 1.20609090909 0.0 2456256.97432 0.0 4.0 0.0
0.371882693165 7571322.28128 791403.128109 1.20609090909 0.0 2456256.97577 0.0 4.0 0.0
0.37306858391 7571410.25991 791391.356718 1.20609090909 0.0 2456256.97721 0.0 4.0 0.0
0.374254632311 7570950.21411 791369.116673 1.20609090909 0.0 2456256.97866 0.0 4.0 0.0
0.375440527638 7573297.13684 791613.8961 1.20609090909 0.0 2456256.98011 0.0 4.0 0.0
0.378998494571 7570631.37743 791320.828548 1.20609090909 0.0 2456256.98445 0.0 4.0 0.0
0.380184372338 7569778.18651 791236.17824 1.20609090909 0.0 2456256.98589 0.0 4.0 0.0
0.381370407378 7567920.64286 791046.500966 1.20609090909 0.0 2456256.98734 0.0 4.0 0.0
0.382556288962 7568812.42017 791119.489595 1.20609090909 0.0 2456256.98879 0.0 4.0 0.0
0.383742311787 7566399.45288 790840.527967 1.20609090909 0.0 2456256.99023 0.0 4.0 0.0
0.384928189172 7566484.81282 790817.681466 1.20609090909 0.0 2456256.99168 0.0 4.0 0.0
0.386114216578 7565504.40426 790765.354396 1.20609090909 0.0 2456256.99313 0.0 4.0 0.0
0.387300082511 7562369.00936 790475.592964 1.20609090909 0.0 2456256.99457 0.0 4.0 0.0
0.388486106863 7563850.01337 790646.705025 1.20609090909 0.0 2456256.99602 0.0 4.0 0.0
0.389671978904 7563521.08003 790586.843722 1.20609090909 0.0 2456256.99747 0.0 4.0 0.0
0.390857997529 7563973.83006 790644.819586 1.20609090909 0.0 2456256.99891 0.0 4.0 0.0
0.392043864226 7564171.83023 790638.370796 1.20609090909 0.0 2456257.00036 0.0 4.0 0.0
0.393229886669 7564945.15341 790737.023093 1.20609090909 0.0 2456257.00181 0.0 4.0 0.0
0.394415753366 7565905.43563 790840.304438 1.20609090909 0.0 2456257.00325 0.0 4.0 0.0
0.395601772755 7567947.47648 791080.002587 1.20609090909 0.0 2456257.0047 0.0 4.0 0.0
0.419264110474 7559370.71692 790004.221044 1.20609090909 0.0 2456257.03357 0.0 4.0 0.0
0.420450006946 7568067.90208 790994.370954 1.20609090909 0.0 2456257.03501 0.0 4.0 0.0
0.422821967088 7571177.72597 791364.202479 1.20609090909 0.0 2456257.03791 0.0 4.0 0.0
0.424008017779 7571505.18095 791416.409557 1.20609090909 0.0 2456257.03935 0.0 4.0 0.0
0.426379967232 7574158.07471 791667.932709 1.20609090909 0.0 2456257.04225 0.0 4.0 0.0
0.427565862177 7572569.29699 791506.212244 1.20609090909 0.0 2456257.04369 0.0 4.0 0.0
0.42875190676 7571766.06046 791414.735986 1.20609090909 0.0 2456257.04514 0.0 4.0 0.0
0.429937801323 7570616.95858 791303.36262 1.20609090909 0.0 2456257.04659 0.0 4.0 0.0
0.431123841325 7569480.81845 791182.554037 1.20609090909 0.0 2456257.04803 0.0 4.0 0.0
0.432309728254 7568460.6541 791084.838535 1.20609090909 0.0 2456257.04948 0.0 4.0 0.0
0.433495767875 7570198.88924 791325.890863 1.20609090909 0.0 2456257.05093 0.0 4.0 0.0
0.434681649841 7569069.12325 791141.185869 1.20609090909 0.0 2456257.05237 0.0 4.0 0.0
0.435867680682 7567973.68055 791066.213129 1.20609090909 0.0 2456257.05382 0.0 4.0 0.0
0.437053562266 7567209.28182 790929.659143 1.20609090909 0.0 2456257.05527 0.0 4.0 0.0
0.438239588908 7565789.79498 790809.411167 1.20609090909 0.0 2456257.05671 0.0 4.0 0.0
0.439425462476 7565806.81771 790815.499495 1.20609090909 0.0 2456257.05816 0.0 4.0 0.0
0.4406114895 7567651.55711 791015.927278 1.20609090909 0.0 2456257.05961 0.0 4.0 0.0
0.441797359632 7567754.9522 791021.34058 1.20609090909 0.0 2456257.06105 0.0 4.0 0.0
0.442983379785 7566616.9947 790921.958748 1.20609090909 0.0 2456257.0625 0.0 4.0 0.0
0.444169251826 7564296.58196 790660.274767 1.20609090909 0.0 2456257.06395 0.0 4.0 0.0
0.44535527465 7565765.48651 790796.033845 1.20609090909 0.0 2456257.06539 0.0 4.0 0.0
0.446541137148 7565983.8886 790824.892557 1.20609090909 0.0 2456257.06684 0.0 4.0 0.0
0.447727159591 7568462.36875 791079.459699 1.20609090909 0.0 2456257.06829 0.0 4.0 0.0
0.448913030487 7568429.31197 791069.059661 1.20609090909 0.0 2456257.06973 0.0 4.0 0.0
0.473751817625 7549230.40368 788871.301293 1.20609090909 0.0 2456257.10003 0.0 4.0 0.0
0.474937865644 7556525.99014 789823.636289 1.20609090909 0.0 2456257.10148 0.0 4.0 0.0
0.477309825403 7557358.66396 789918.425852 1.20609090909 0.0 2456257.10437 0.0 4.0 0.0
0.478495719967 7556558.93895 789865.738335 1.20609090909 0.0 2456257.10582 0.0 4.0 0.0
0.47968177333 7557311.89238 789984.847507 1.20609090909 0.0 2456257.10727 0.0 4.0 0.0
0.480867673619 7556186.18349 789838.660851 1.20609090909 0.0 2456257.10871 0.0 4.0 0.0
0.482053719729 7558646.13943 790056.872986 1.20609090909 0.0 2456257.11016 0.0 4.0 0.0
0.483239612383 7557860.12891 789974.253728 1.20609090909 0.0 2456257.11161 0.0 4.0 0.0
0.484425658875 7556771.87336 789833.699215 1.20609090909 0.0 2456257.11305 0.0 4.0 0.0
0.485611547331 7561070.25972 790273.072323 1.20609090909 0.0 2456257.1145 0.0 4.0 0.0
0.486797585424 7562515.90409 790477.729405 1.20609090909 0.0 2456257.11595 0.0 4.0 0.0
0.487983473498 7564721.44503 790704.705349 1.20609090909 0.0 2456257.11739 0.0 4.0 0.0
0.489169507011 7565335.53987 790761.365098 1.20609090909 0.0 2456257.11884 0.0 4.0 0.0
0.490355385924 7567718.27287 791005.12887 1.20609090909 0.0 2456257.12029 0.0 4.0 0.0
0.491541419437 7570517.49503 791317.054164 1.20609090909 0.0 2456257.12173 0.0 4.0 0.0
0.49272729415 7571075.69066 791349.81155 1.20609090909 0.0 2456257.12318 0.0 4.0 0.0
0.493913319265 7571168.21429 791377.899737 1.20609090909 0.0 2456257.12463 0.0 4.0 0.0
0.495099194741 7572069.00149 791446.340352 1.20609090909 0.0 2456257.12607 0.0 4.0 0.0
0.496285216421 7572805.51082 791524.737856 1.20609090909 0.0 2456257.12752 0.0 4.0 0.0
0.497471085027 7573508.29258 791603.989618 1.20609090909 0.0 2456257.12897 0.0 4.0 0.0
0.499842975693 7572671.38715 791556.344782 1.20609090909 0.0 2456257.13186 0.0 4.0 0.0
-0.496599113106 7570344.91151 791249.369632 1.20609090909 0.0 2456257.1362 0.0 4.0 0.0
-0.471750918233 7550028.38777 789069.40438 1.20609090909 0.0 2456257.16651 0.0 4.0 0.0
-0.468192911218 7565639.75666 790776.547946 1.20609090909 0.0 2456257.17085 0.0 4.0 0.0
-0.467007012455 7569491.6445 791194.062755 1.20609090909 0.0 2456257.1723 0.0 4.0 0.0
-0.465820963673 7569687.71403 791228.665566 1.20609090909 0.0 2456257.17375 0.0 4.0 0.0
-0.464635063766 7572246.63896 791482.662906 1.20609090909 0.0 2456257.17519 0.0 4.0 0.0
-0.463449013457 7575290.15669 791731.313194 1.20609090909 0.0 2456257.17664 0.0 4.0 0.0
-0.46226312462 7575855.77049 791829.866608 1.20609090909 0.0 2456257.17809 0.0 4.0 0.0
-0.46107707851 7578263.36511 792081.709061 1.20609090909 0.0 2456257.17953 0.0 4.0 0.0
-0.459891186237 7578236.9693 792084.010917 1.20609090909 0.0 2456257.18098 0.0 4.0 0.0
-0.458705152342 7579304.36756 792205.445592 1.20609090909 0.0 2456257.18243 0.0 4.0 0.0
-0.45751926465 7578911.85753 792200.335584 1.20609090909 0.0 2456257.18387 0.0 4.0 0.0
-0.456333226938 7580789.4088 792342.709498 1.20609090909 0.0 2456257.18532 0.0 4.0 0.0
-0.455147351843 7577577.96961 791972.354206 1.20609090909 0.0 2456257.18677 0.0 4.0 0.0
-0.453961319093 7578396.16389 792087.230275 1.20609090909 0.0 2456257.18821 0.0 4.0 0.0
-0.452775439799 7578688.84393 792119.747562 1.20609090909 0.0 2456257.18966 0.0 4.0 0.0
-0.451589419265 7576668.47883 791891.007981 1.20609090909 0.0 2456257.19111 0.0 4.0 0.0
-0.450403543789 7575811.09925 791868.88099 1.20609090909 0.0 2456257.19255 0.0 4.0 0.0
