1.141 0.001059 0.000037 0.300 0.000 2.07
1.168 0.001281 0.000037 0.300 0.000 2.40
1.202 0.001132 0.000031 0.300 0.000 2.64
1.240 0.001045 0.000027 0.300 0.000 2.39
1.245 0.001082 0.000025 0.300 0.000 2.68
1.284 0.001291 0.000029 0.300 0.000 2.68
1.288 0.001298 0.000033 0.300 0.000 2.36
1.323 0.001216 0.000032 0.300 0.000 2.46
1.360 0.001294 0.000030 0.300 0.000 2.52
1.400 0.001448 0.000033 0.300 0.000 2.22
1.440 0.001524 0.000033 0.300 0.000 2.41
1.480 0.001613 0.000036 0.300 0.000 2.21
1.520 0.001491 0.000034 0.300 0.000 2.33
1.560 0.001574 0.000035 0.300 0.000 2.43
1.570 0.001579 0.000028 0.300 0.000 3.13
1.600 0.001603 0.000037 0.300 0.000 3.41
1.620 0.001393 0.000036 0.300 0.000 4.53
