1.137 0.001002 0.000078 0.300 0.000 1.86
1.163 0.001109 0.000077 0.300 0.000 2.38
1.188 0.000947 0.000076 0.300 0.000 1.44
1.212 0.001053 0.000075 0.300 0.000 1.87
1.238 0.000993 0.000074 0.300 0.000 1.91
1.262 0.001075 0.000076 0.300 0.000 1.45
1.288 0.001333 0.000077 0.300 0.000 1.76
1.312 0.001125 0.000076 0.300 0.000 2.14
1.337 0.001296 0.000078 0.300 0.000 3.38
1.363 0.001150 0.000076 0.300 0.000 3.12
1.387 0.001505 0.000075 0.300 0.000 3.03
1.413 0.001351 0.000078 0.300 0.000 1.59
1.438 0.001686 0.000085 0.300 0.000 2.46
1.462 0.001568 0.000086 0.300 0.000 3.03
1.488 0.001552 0.000084 0.300 0.000 2.00
1.512 0.001529 0.000084 0.300 0.000 2.03
1.538 0.001486 0.000086 0.300 0.000 1.76
1.562 0.001667 0.000093 0.300 0.000 3.11
1.587 0.001437 0.000089 0.300 0.000 2.17
1.613 0.001457 0.000096 0.300 0.000 3.46
1.637 0.001631 0.000104 0.300 0.000 3.72
