1.337 0.000757 0.000032 0.300 0.000 1.59
1.337 0.000757 0.000040 0.300 0.000 1.00
1.137 0.000576 0.000033 0.300 0.000 1.57
1.137 0.000576 0.000041 0.300 0.000 1.00
1.637 0.001156 0.000056 0.300 0.000 3.98
1.637 0.001156 0.000111 0.300 0.000 1.00
1.387 0.000879 0.000037 0.300 0.000 1.47
1.387 0.000879 0.000045 0.300 0.000 1.00
1.587 0.001122 0.000039 0.300 0.000 2.24
1.587 0.001122 0.000059 0.300 0.000 1.00
1.212 0.000622 0.000032 0.300 0.000 1.70
1.212 0.000622 0.000041 0.300 0.000 1.00
1.238 0.001500 0.000000 0.300 0.000 109.60
1.238 0.000558 0.000329 0.300 0.000 0.02
1.562 0.001069 0.000051 0.300 0.000 2.33
1.562 0.001069 0.000078 0.300 0.000 1.00
1.413 0.000889 0.000033 0.300 0.000 1.32
1.413 0.000889 0.000038 0.300 0.000 1.00
1.163 0.000723 0.000033 0.300 0.000 1.86
1.163 0.000723 0.000045 0.300 0.000 1.00
1.188 0.000560 0.000032 0.300 0.000 1.36
1.188 0.000560 0.000037 0.300 0.000 1.00
1.438 0.001022 0.000036 0.300 0.000 1.68
1.438 0.001022 0.000046 0.300 0.000 1.00
1.613 0.001101 0.000041 0.300 0.000 3.01
1.613 0.001101 0.000072 0.300 0.000 1.00
1.363 0.000777 0.000032 0.300 0.000 1.71
1.363 0.000777 0.000042 0.300 0.000 1.00
1.462 0.001078 0.000035 0.300 0.000 1.40
1.462 0.001078 0.000042 0.300 0.000 1.00
1.488 0.001132 0.000048 0.300 0.000 1.80
1.488 0.001132 0.000064 0.300 0.000 1.00
1.312 0.000749 0.000032 0.300 0.000 1.71
1.312 0.000749 0.000042 0.300 0.000 1.00
1.262 0.000643 0.000032 0.300 0.000 1.53
1.262 0.000643 0.000040 0.300 0.000 1.00
1.538 0.001062 0.000038 0.300 0.000 1.64
1.538 0.001062 0.000048 0.300 0.000 1.00
1.288 0.000821 0.000036 0.300 0.000 1.58
1.288 0.000821 0.000045 0.300 0.000 1.00
1.512 0.001030 0.000037 0.300 0.000 1.44
1.512 0.001030 0.000044 0.300 0.000 1.00
