1.337 0.000839 0.000006 0.300 0.000 1886655376.62
1.337 0.000712 1.850010 0.300 0.000 0.00
1.137 0.000100 0.000025 0.300 0.000 22553318.13
1.137 0.000100 0.119784 0.300 0.000 1.00
1.637 0.001105 0.000042 0.300 0.000 3.34
1.637 0.001105 0.000076 0.300 0.000 1.00
1.387 0.001008 0.000043 0.300 0.000 4.79
1.387 0.001008 0.000095 0.300 0.000 1.00
1.587 0.000100 0.000006 0.300 0.000 1760204404.80
1.587 0.000100 0.246705 0.300 0.000 1.00
1.212 0.000100 0.000024 0.300 0.000 25715266.32
1.212 0.000100 0.122154 0.300 0.000 1.00
1.238 0.000100 0.000023 0.300 0.000 9533494.63
1.238 0.000100 0.071552 0.300 0.000 1.00
1.562 0.001470 0.000051 0.300 0.000 19.49
1.562 0.001470 0.000226 0.300 0.000 1.00
1.413 0.000897 0.000033 0.300 0.000 1.39
1.413 0.000897 0.000039 0.300 0.000 1.00
1.163 0.000100 0.000025 0.300 0.000 23900477.02
1.163 0.000100 0.121199 0.300 0.000 1.00
1.188 0.000587 0.000043 0.300 0.000 1.94
1.188 0.000100 0.000034 0.300 0.000 12903705.57
1.438 0.000100 0.000019 0.300 0.000 75022797.30
1.438 0.000100 0.164279 0.300 0.000 1.00
1.613 0.000100 0.000033 0.300 0.000 4255489.36
1.613 0.000100 0.067137 0.300 0.000 1.00
1.363 0.000100 0.000006 0.300 0.000 1389148743.00
1.363 0.000100 0.237197 0.300 0.000 1.00
1.462 0.001277 0.000046 0.300 0.000 5.13
1.462 0.001277 0.000103 0.300 0.000 1.00
1.488 0.001203 0.000048 0.300 0.000 2.13
1.488 0.001203 0.000070 0.300 0.000 1.00
1.312 0.000100 0.000013 0.300 0.000 253329999.90
1.312 0.000100 0.199670 0.300 0.000 1.00
1.262 0.000649 0.000032 0.300 0.000 1.60
1.262 0.000649 0.000041 0.300 0.000 1.00
1.538 0.001068 0.000038 0.300 0.000 1.67
1.538 0.001068 0.000048 0.300 0.000 1.00
1.288 0.000100 0.000029 0.300 0.000 10305770.16
1.288 0.000100 0.093566 0.300 0.000 1.00
1.512 0.001034 0.000037 0.300 0.000 1.46
1.512 0.001034 0.000045 0.300 0.000 1.00
