1.251 0.000605 0.000024 0.300 0.000 2.24
1.251 0.000605 0.000036 0.300 0.000 1.00
1.519 0.000100 0.000027 0.300 0.000 7598377.36
1.519 0.000100 0.073917 0.300 0.000 1.00
1.296 0.000799 0.000032 0.300 0.000 2.79
1.296 0.000100 0.000046 0.300 0.000 70149.12
1.385 0.000841 0.000026 0.300 0.000 1.92
1.385 0.000841 0.000036 0.300 0.000 1.00
1.609 0.000100 0.000029 0.300 0.000 56804.85
1.609 0.000100 0.006833 0.300 0.000 1.00
1.340 0.000100 0.000029 0.300 0.000 611902.60
1.340 0.000100 0.022924 0.300 0.000 1.00
1.430 0.000100 0.000029 0.300 0.000 2258152.42
1.430 0.000100 0.043066 0.300 0.000 1.00
1.206 0.000589 0.000024 0.300 0.000 2.47
1.206 0.000589 0.000037 0.300 0.000 1.00
1.564 0.001000 0.000029 0.300 0.000 2.70
1.564 0.001000 0.000047 0.300 0.000 1.00
1.161 0.000100 0.000030 0.300 0.000 167242.60
1.161 0.000700 0.013275 0.300 0.000 0.00
1.474 0.000100 0.000028 0.300 0.000 4892090.96
1.474 0.000100 0.060828 0.300 0.000 1.00
