1.251 0.000100 0.000018 0.300 0.000 37644545.76
1.251 0.000100 0.113123 0.300 0.000 1.00
1.519 0.001055 0.000028 0.300 0.000 2.14
1.519 0.001055 0.000041 0.300 0.000 1.00
1.296 0.000819 0.000032 0.300 0.000 2.85
1.296 0.000100 0.000031 0.300 0.000 14587057.54
1.385 0.000848 0.000026 0.300 0.000 2.02
1.385 0.000848 0.000037 0.300 0.000 1.00
1.609 0.000100 0.000009 0.300 0.000 513415456.35
1.609 0.000100 0.212525 0.300 0.000 1.00
1.340 0.001275 0.000032 0.300 0.000 12.81
1.340 0.001275 0.000114 0.300 0.000 1.00
1.430 0.000972 0.000026 0.300 0.000 2.19
1.430 0.000972 0.000038 0.300 0.000 1.00
1.206 0.000100 0.000019 0.300 0.000 31923630.58
1.206 0.000100 0.108846 0.300 0.000 1.00
1.564 0.000100 0.000004 0.300 0.000 4450190431.11
1.564 0.000100 0.250307 0.300 0.000 1.00
