1.251 0.000605 0.000024 0.300 0.000 2.24
1.251 0.000605 0.000036 0.300 0.000 1.00
1.519 0.001049 0.000028 0.300 0.000 2.09
1.519 0.001049 0.000040 0.300 0.000 1.00
1.296 0.000785 0.000024 0.300 0.000 1.93
1.296 0.000785 0.000034 0.300 0.000 1.00
1.385 0.000841 0.000026 0.300 0.000 1.92
1.385 0.000841 0.000036 0.300 0.000 1.00
1.609 0.001219 0.000029 0.300 0.000 3.73
1.609 0.001219 0.000057 0.300 0.000 1.00
1.340 0.000750 0.000024 0.300 0.000 2.48
1.340 0.000750 0.000038 0.300 0.000 1.00
1.430 0.000963 0.000026 0.300 0.000 2.04
1.430 0.000963 0.000037 0.300 0.000 1.00
1.206 0.000589 0.000024 0.300 0.000 2.47
1.206 0.000589 0.000037 0.300 0.000 1.00
1.564 0.001000 0.000029 0.300 0.000 2.70
1.564 0.001000 0.000047 0.300 0.000 1.00
1.161 0.000667 0.000024 0.300 0.000 2.25
1.161 0.000667 0.000037 0.300 0.000 1.00
1.474 0.001095 0.000027 0.300 0.000 1.98
1.474 0.001095 0.000038 0.300 0.000 1.00
