#time 		photoelectrons 	error 		visit 	orbit 	scan 	wave_center 	wave_start 	wave_end
0.345126933741 7450820.83381 942339.793582 1.2015 0.0 2456306.95783 1.0 9.0 0.0
0.34631307681 7491880.98261 947714.541425 1.2015 0.0 2456306.95928 1.0 9.0 0.0
0.347498911442 7507235.42501 949642.141363 1.2015 0.0 2456306.96073 1.0 9.0 0.0
0.348684744547 7517645.6257 950914.138051 1.2015 0.0 2456306.96217 1.0 9.0 0.0
0.34987057956 7524078.74507 951774.066922 1.2015 0.0 2456306.96362 1.0 9.0 0.0
0.35105671156 7528739.59745 952360.741265 1.2015 0.0 2456306.96507 1.0 9.0 0.0
0.352242537411 7534992.8346 953106.396648 1.2015 0.0 2456306.96651 1.0 9.0 0.0
0.353428365554 7537924.9614 953477.632425 1.2015 0.0 2456306.96796 1.0 9.0 0.0
0.354614185679 7538365.05996 953489.969312 1.2015 0.0 2456306.96941 1.0 9.0 0.0
0.355800306609 7540531.12323 953822.122413 1.2015 0.0 2456306.97085 1.0 9.0 0.0
0.356986124826 7542116.3992 953965.245144 1.2015 0.0 2456306.9723 1.0 9.0 0.0
0.358171936172 7542129.24724 954054.784514 1.2015 0.0 2456306.97375 1.0 9.0 0.0
0.359357744464 7541599.89068 953941.29123 1.2015 0.0 2456306.97519 1.0 9.0 0.0
0.360543856995 7539398.87095 953657.350044 1.2015 0.0 2456306.97664 1.0 9.0 0.0
0.36172965918 7540642.45983 953773.584937 1.2015 0.0 2456306.97809 1.0 9.0 0.0
0.362915459074 7539556.7757 953705.164042 1.2015 0.0 2456306.97953 1.0 9.0 0.0
0.364101260495 7539381.28024 953649.215434 1.2015 0.0 2456306.98098 1.0 9.0 0.0
0.365287363483 7536634.468 953278.689474 1.2015 0.0 2456306.98243 1.0 9.0 0.0
0.366473152689 7536466.12679 953274.542924 1.2015 0.0 2456306.98387 1.0 9.0 0.0
0.367658949147 7536538.88059 953356.300327 1.2015 0.0 2456306.98532 1.0 9.0 0.0
0.368844745224 7537313.92001 953404.355267 1.2015 0.0 2456306.98677 1.0 9.0 0.0
0.370030835233 7535042.52614 953085.021032 1.2015 0.0 2456306.98821 1.0 9.0 0.0
0.371216630547 7537772.1746 953481.641019 1.2015 0.0 2456306.98966 1.0 9.0 0.0
0.37240242586 7536257.33791 953296.038284 1.2015 0.0 2456306.99111 1.0 9.0 0.0
0.397837392006 7531873.02892 952507.860759 1.2015 0.0 2456307.02213 1.0 9.0 0.0
0.399023527822 7541174.29925 953861.944066 1.2015 0.0 2456307.02358 1.0 9.0 0.0
0.400209367798 7544058.09745 954215.021669 1.2015 0.0 2456307.02503 1.0 9.0 0.0
0.401395206629 7547768.13817 954682.409413 1.2015 0.0 2456307.02647 1.0 9.0 0.0
0.402581036298 7547273.84171 954628.25306 1.2015 0.0 2456307.02792 1.0 9.0 0.0
0.403767175932 7549144.63196 954934.02281 1.2015 0.0 2456307.02937 1.0 9.0 0.0
0.40613883298 7550099.61683 955003.197473 1.2015 0.0 2456307.03226 1.0 9.0 0.0
0.407324661885 7550269.62722 955071.978478 1.2015 0.0 2456307.03371 1.0 9.0 0.0
0.409696605613 7547924.99336 954733.078476 1.2015 0.0 2456307.0366 1.0 9.0 0.0
0.410882425357 7547685.24044 954700.408555 1.2015 0.0 2456307.03805 1.0 9.0 0.0
0.412068242811 7545300.40906 954415.834089 1.2015 0.0 2456307.03949 1.0 9.0 0.0
0.413254355342 7546498.03716 954547.983492 1.2015 0.0 2456307.04094 1.0 9.0 0.0
0.414440162107 7546483.09177 954581.855684 1.2015 0.0 2456307.04239 1.0 9.0 0.0
0.415625969636 7544616.4292 954365.869346 1.2015 0.0 2456307.04383 1.0 9.0 0.0
0.416811770675 7543213.30887 954204.182513 1.2015 0.0 2456307.04528 1.0 9.0 0.0
0.417997872518 7544802.26473 954335.937041 1.2015 0.0 2456307.04673 1.0 9.0 0.0
0.419183673176 7544880.42754 954305.59186 1.2015 0.0 2456307.04817 1.0 9.0 0.0
0.420369467344 7543326.25345 954126.303758 1.2015 0.0 2456307.04962 1.0 9.0 0.0
0.452303218394 7530752.88018 952436.273879 1.2015 0.0 2456307.08858 1.0 9.0 0.0
0.453489058752 7539006.58085 953556.634721 1.2015 0.0 2456307.09002 1.0 9.0 0.0
0.454674899109 7537442.28899 953407.957981 1.2015 0.0 2456307.09147 1.0 9.0 0.0
0.455860729923 7538835.03011 953585.105792 1.2015 0.0 2456307.09291 1.0 9.0 0.0
0.457046870702 7534647.92112 953080.545067 1.2015 0.0 2456307.09436 1.0 9.0 0.0
0.458232706479 7532817.79561 952846.41646 1.2015 0.0 2456307.09581 1.0 9.0 0.0
0.459418532331 7532562.03087 952869.537471 1.2015 0.0 2456307.09726 1.0 9.0 0.0
0.460604363527 7530143.34365 952531.879651 1.2015 0.0 2456307.0987 1.0 9.0 0.0
0.461790495908 7527674.52729 952191.978698 1.2015 0.0 2456307.10015 1.0 9.0 0.0
0.462976313362 7529212.27021 952425.302514 1.2015 0.0 2456307.1016 1.0 9.0 0.0
0.464162136542 7526748.6422 952083.049575 1.2015 0.0 2456307.10304 1.0 9.0 0.0
0.465347956286 7529830.81751 952513.584039 1.2015 0.0 2456307.10449 1.0 9.0 0.0
0.466534072253 7529721.57387 952439.476717 1.2015 0.0 2456307.10594 1.0 9.0 0.0
0.46771988169 7531113.31892 952628.204377 1.2015 0.0 2456307.10738 1.0 9.0 0.0
0.468905692273 7532312.03409 952828.832313 1.2015 0.0 2456307.10883 1.0 9.0 0.0
0.470091496366 7533156.16034 952920.53077 1.2015 0.0 2456307.11027 1.0 9.0 0.0
0.471277600499 7533332.1767 952925.714396 1.2015 0.0 2456307.11172 1.0 9.0 0.0
0.472463403065 7534912.38703 953140.137092 1.2015 0.0 2456307.11317 1.0 9.0 0.0
0.473649199524 7536102.50549 953248.740421 1.2015 0.0 2456307.11461 1.0 9.0 0.0
0.474834994074 7538277.77639 953540.385381 1.2015 0.0 2456307.11606 1.0 9.0 0.0
0.476021094771 7535320.54959 953144.854346 1.2015 0.0 2456307.11751 1.0 9.0 0.0
0.477206886649 7537123.69364 953403.227153 1.2015 0.0 2456307.11895 1.0 9.0 0.0
0.478392829692 7539450.64476 953742.938452 1.2015 0.0 2456307.1204 1.0 9.0 0.0
0.479578473077 7536130.10504 953271.513681 1.2015 0.0 2456307.12185 1.0 9.0 0.0
0.480764567667 7536616.53233 953315.752972 1.2015 0.0 2456307.12329 1.0 9.0 0.0
-0.49322169025 7516770.94121 950637.927913 1.2015 0.0 2456307.15503 1.0 9.0 0.0
-0.492036001439 7528101.15298 952122.640469 1.2015 0.0 2456307.15647 1.0 9.0 0.0
-0.490849862568 7529799.93674 952416.882082 1.2015 0.0 2456307.15792 1.0 9.0 0.0
-0.489664027937 7530993.95498 952593.516338 1.2015 0.0 2456307.15937 1.0 9.0 0.0
-0.488478038704 7530912.16506 952652.92985 1.2015 0.0 2456307.16081 1.0 9.0 0.0
-0.487292358674 7534174.74953 953019.130523 1.2015 0.0 2456307.16226 1.0 9.0 0.0
-0.486106225529 7538251.76636 953590.901821 1.2015 0.0 2456307.16371 1.0 9.0 0.0
-0.484920394333 7537921.12917 953526.442235 1.2015 0.0 2456307.16515 1.0 9.0 0.0
-0.483734418079 7539952.21226 953712.929624 1.2015 0.0 2456307.1666 1.0 9.0 0.0
-0.482548747973 7541821.4448 954014.586975 1.2015 0.0 2456307.16805 1.0 9.0 0.0
-0.4813626217 7541548.201 953960.615795 1.2015 0.0 2456307.16949 1.0 9.0 0.0
-0.480176801956 7540351.0378 953723.636381 1.2015 0.0 2456307.17094 1.0 9.0 0.0
-0.478990841735 7543422.47676 954107.462186 1.2015 0.0 2456307.17239 1.0 9.0 0.0
-0.476619065969 7541378.81621 953879.002876 1.2015 0.0 2456307.17528 1.0 9.0 0.0
-0.474247309671 7541997.93074 953959.253788 1.2015 0.0 2456307.17817 1.0 9.0 0.0
-0.470689764168 7538780.10721 953581.403115 1.2015 0.0 2456307.18251 1.0 9.0 0.0
-0.468318179267 7535002.15457 953125.5445 1.2015 0.0 2456307.18541 1.0 9.0 0.0
-0.46713208086 7531558.33297 952681.598801 1.2015 0.0 2456307.18685 1.0 9.0 0.0
-0.465946285165 7532006.71942 952762.364979 1.2015 0.0 2456307.1883 1.0 9.0 0.0
-0.464760346321 7530131.40354 952478.108281 1.2015 0.0 2456307.18975 1.0 9.0 0.0
-0.438756315066 7517767.70678 950764.752814 1.2015 0.0 2456307.22147 1.0 9.0 0.0
-0.437570175432 7525455.2674 951878.793623 1.2015 0.0 2456307.22292 1.0 9.0 0.0
-0.436384340037 7530814.50615 952642.369834 1.2015 0.0 2456307.22436 1.0 9.0 0.0
-0.43519834966 7530198.96898 952518.641275 1.2015 0.0 2456307.22581 1.0 9.0 0.0
-0.43401266772 7530426.94423 952549.08052 1.2015 0.0 2456307.22726 1.0 9.0 0.0
-0.432826533049 7534842.07588 953154.307114 1.2015 0.0 2456307.2287 1.0 9.0 0.0
-0.431640699562 7534400.64493 953095.058552 1.2015 0.0 2456307.23015 1.0 9.0 0.0
-0.430454720637 7533319.15984 952873.263383 1.2015 0.0 2456307.2316 1.0 9.0 0.0
-0.429269047859 7534968.62064 953167.095817 1.2015 0.0 2456307.23304 1.0 9.0 0.0
-0.428082918531 7539353.05254 953690.120964 1.2015 0.0 2456307.23449 1.0 9.0 0.0
-0.426897095733 7538123.4554 953530.88505 1.2015 0.0 2456307.23594 1.0 9.0 0.0
-0.425711132459 7538801.55973 953588.510226 1.2015 0.0 2456307.23738 1.0 9.0 0.0
-0.424525467315 7538505.78191 953608.839621 1.2015 0.0 2456307.23883 1.0 9.0 0.0
-0.423339350585 7537655.3926 953407.293219 1.2015 0.0 2456307.24028 1.0 9.0 0.0
-0.422153548019 7537603.52884 953415.947694 1.2015 0.0 2456307.24172 1.0 9.0 0.0
-0.420967588562 7536169.83026 953185.338435 1.2015 0.0 2456307.24317 1.0 9.0 0.0
-0.419781935252 7536482.21515 953309.57583 1.2015 0.0 2456307.24461 1.0 9.0 0.0
-0.418595837226 7535809.62652 953193.773312 1.2015 0.0 2456307.24606 1.0 9.0 0.0
-0.41741003695 7535546.71866 953229.731996 1.2015 0.0 2456307.24751 1.0 9.0 0.0
-0.416224086654 7535823.78275 953206.19737 1.2015 0.0 2456307.24895 1.0 9.0 0.0
0.318950816244 7503339.68964 949034.519056 1.2015 0.0 2456256.9112 0.0 4.0 0.0
0.320136860827 7524198.67272 951736.834023 1.2015 0.0 2456256.91264 0.0 4.0 0.0
0.321322755008 7533127.39067 952810.464687 1.2015 0.0 2456256.91409 0.0 4.0 0.0
0.322508795011 7537423.27302 953364.873996 1.2015 0.0 2456256.91554 0.0 4.0 0.0
0.323694680794 7541901.5216 953902.406352 1.2015 0.0 2456256.91698 0.0 4.0 0.0
0.324880720415 7542477.75814 953997.76742 1.2015 0.0 2456256.91843 0.0 4.0 0.0
0.326066601236 7546759.45051 954451.406708 1.2015 0.0 2456256.91988 0.0 4.0 0.0
0.327252632077 7548348.06353 954651.888918 1.2015 0.0 2456256.92132 0.0 4.0 0.0
0.328438512897 7548416.90013 954669.345784 1.2015 0.0 2456256.92277 0.0 4.0 0.0
0.329624539158 7549956.25224 954834.800404 1.2015 0.0 2456256.92422 0.0 4.0 0.0
0.330810411581 7550951.24385 954962.357276 1.2015 0.0 2456256.92566 0.0 4.0 0.0
0.331996438986 7550474.5083 954866.132261 1.2015 0.0 2456256.92711 0.0 4.0 0.0
0.333182308355 7551741.45301 955074.713038 1.2015 0.0 2456256.92856 0.0 4.0 0.0
0.334368328507 7552711.32775 955201.910362 1.2015 0.0 2456256.93 0.0 4.0 0.0
0.335554200167 7551653.67965 955044.791949 1.2015 0.0 2456256.93145 0.0 4.0 0.0
0.336740222991 7550373.60607 954896.040379 1.2015 0.0 2456256.9329 0.0 4.0 0.0
0.337926085489 7552561.91561 955200.964701 1.2015 0.0 2456256.93434 0.0 4.0 0.0
0.339112108314 7549814.36214 954818.788732 1.2015 0.0 2456256.93579 0.0 4.0 0.0
0.34029797921 7549903.33894 954867.08031 1.2015 0.0 2456256.93724 0.0 4.0 0.0
0.364766831063 7522153.10394 951244.415279 1.2015 0.0 2456256.96709 0.0 4.0 0.0
0.365952731734 7531481.72301 952480.935463 1.2015 0.0 2456256.96853 0.0 4.0 0.0
0.367138787769 7535572.38776 953019.322327 1.2015 0.0 2456256.96998 0.0 4.0 0.0
0.368324692257 7538430.12247 953410.352247 1.2015 0.0 2456256.97143 0.0 4.0 0.0
0.369510739131 7541272.27245 953738.393079 1.2015 0.0 2456256.97287 0.0 4.0 0.0
0.370696640947 7540867.62571 953674.927933 1.2015 0.0 2456256.97432 0.0 4.0 0.0
0.371882693165 7545361.4174 954270.996588 1.2015 0.0 2456256.97577 0.0 4.0 0.0
0.37306858391 7544843.29636 954181.885028 1.2015 0.0 2456256.97721 0.0 4.0 0.0
0.374254632311 7544680.92293 954190.595346 1.2015 0.0 2456256.97866 0.0 4.0 0.0
0.375440527638 7547491.91755 954546.370806 1.2015 0.0 2456256.98011 0.0 4.0 0.0
0.378998494571 7544435.95034 954143.434113 1.2015 0.0 2456256.98445 0.0 4.0 0.0
0.380184372338 7543436.17061 954019.416915 1.2015 0.0 2456256.98589 0.0 4.0 0.0
0.381370407378 7541727.03841 953811.92105 1.2015 0.0 2456256.98734 0.0 4.0 0.0
0.382556288962 7542741.64696 953912.35812 1.2015 0.0 2456256.98879 0.0 4.0 0.0
0.383742311787 7540594.53599 953613.066268 1.2015 0.0 2456256.99023 0.0 4.0 0.0
0.384928189172 7540041.79221 953506.387283 1.2015 0.0 2456256.99168 0.0 4.0 0.0
0.386114216578 7539577.57217 953503.490057 1.2015 0.0 2456256.99313 0.0 4.0 0.0
0.387300082511 7535994.28691 953101.413251 1.2015 0.0 2456256.99457 0.0 4.0 0.0
0.388486106863 7537784.30312 953343.265161 1.2015 0.0 2456256.99602 0.0 4.0 0.0
0.389671978904 7537680.86175 953297.567214 1.2015 0.0 2456256.99747 0.0 4.0 0.0
0.390857997529 7538486.71176 953413.635177 1.2015 0.0 2456256.99891 0.0 4.0 0.0
0.392043864226 7537881.89825 953306.259375 1.2015 0.0 2456257.00036 0.0 4.0 0.0
0.393229886669 7538722.78914 953434.115249 1.2015 0.0 2456257.00181 0.0 4.0 0.0
0.394415753366 7539544.35247 953543.547927 1.2015 0.0 2456257.00325 0.0 4.0 0.0
0.395601772755 7541587.87177 953831.410507 1.2015 0.0 2456257.0047 0.0 4.0 0.0
0.419264110474 7533312.10535 952566.308366 1.2015 0.0 2456257.03357 0.0 4.0 0.0
0.420450006946 7542147.80602 953788.198149 1.2015 0.0 2456257.03501 0.0 4.0 0.0
0.422821967088 7545192.2702 954222.124362 1.2015 0.0 2456257.03791 0.0 4.0 0.0
0.424008017779 7545283.0171 954254.714524 1.2015 0.0 2456257.03935 0.0 4.0 0.0
0.426379967232 7547546.87103 954511.910923 1.2015 0.0 2456257.04225 0.0 4.0 0.0
0.427565862177 7546149.69874 954339.447049 1.2015 0.0 2456257.04369 0.0 4.0 0.0
0.42875190676 7545904.02026 954298.707622 1.2015 0.0 2456257.04514 0.0 4.0 0.0
0.429937801323 7544152.65608 954089.638146 1.2015 0.0 2456257.04659 0.0 4.0 0.0
0.431123841325 7543037.58878 953946.266591 1.2015 0.0 2456257.04803 0.0 4.0 0.0
0.432309728254 7541329.94981 953740.404174 1.2015 0.0 2456257.04948 0.0 4.0 0.0
0.433495767875 7543602.33457 954099.14132 1.2015 0.0 2456257.05093 0.0 4.0 0.0
0.434681649841 7542514.00174 953882.703807 1.2015 0.0 2456257.05237 0.0 4.0 0.0
0.435867680682 7541616.56091 953813.750373 1.2015 0.0 2456257.05382 0.0 4.0 0.0
0.437053562266 7540403.25774 953593.409042 1.2015 0.0 2456257.05527 0.0 4.0 0.0
0.438239588908 7539859.90235 953559.549047 1.2015 0.0 2456257.05671 0.0 4.0 0.0
0.439425462476 7539665.62345 953537.041707 1.2015 0.0 2456257.05816 0.0 4.0 0.0
0.4406114895 7540556.64909 953662.46217 1.2015 0.0 2456257.05961 0.0 4.0 0.0
0.441797359632 7541772.34338 953808.51983 1.2015 0.0 2456257.06105 0.0 4.0 0.0
0.442983379785 7539947.16907 953602.236881 1.2015 0.0 2456257.0625 0.0 4.0 0.0
0.444169251826 7537783.16958 953304.141365 1.2015 0.0 2456257.06395 0.0 4.0 0.0
0.44535527465 7539615.71878 953514.638154 1.2015 0.0 2456257.06539 0.0 4.0 0.0
0.446541137148 7539868.61917 953555.623658 1.2015 0.0 2456257.06684 0.0 4.0 0.0
0.447727159591 7542166.30168 953840.429495 1.2015 0.0 2456257.06829 0.0 4.0 0.0
0.448913030487 7542221.71436 953839.885743 1.2015 0.0 2456257.06973 0.0 4.0 0.0
0.473751817625 7522925.84472 951166.065596 1.2015 0.0 2456257.10003 0.0 4.0 0.0
0.474937865644 7529784.73698 952262.885855 1.2015 0.0 2456257.10148 0.0 4.0 0.0
0.477309825403 7530613.95467 952377.751265 1.2015 0.0 2456257.10437 0.0 4.0 0.0
0.478495719967 7530085.04613 952346.578641 1.2015 0.0 2456257.10582 0.0 4.0 0.0
0.47968177333 7531520.94908 952577.945805 1.2015 0.0 2456257.10727 0.0 4.0 0.0
0.480867673619 7529448.68632 952281.787231 1.2015 0.0 2456257.10871 0.0 4.0 0.0
0.482053719729 7531742.4347 952525.529511 1.2015 0.0 2456257.11016 0.0 4.0 0.0
0.483239612383 7530749.91852 952400.765767 1.2015 0.0 2456257.11161 0.0 4.0 0.0
0.484425658875 7530020.47084 952273.074288 1.2015 0.0 2456257.11305 0.0 4.0 0.0
0.485611547331 7534239.83842 952798.345797 1.2015 0.0 2456257.1145 0.0 4.0 0.0
0.486797585424 7535536.94207 953026.2832 1.2015 0.0 2456257.11595 0.0 4.0 0.0
0.487983473498 7537926.91653 953320.878288 1.2015 0.0 2456257.11739 0.0 4.0 0.0
0.489169507011 7538100.46519 953336.328077 1.2015 0.0 2456257.11884 0.0 4.0 0.0
0.490355385924 7541088.04991 953708.376506 1.2015 0.0 2456257.12029 0.0 4.0 0.0
0.491541419437 7543886.80279 954083.017091 1.2015 0.0 2456257.12173 0.0 4.0 0.0
0.49272729415 7543767.90629 954040.503402 1.2015 0.0 2456257.12318 0.0 4.0 0.0
0.493913319265 7544478.05544 954152.237153 1.2015 0.0 2456257.12463 0.0 4.0 0.0
0.495099194741 7544759.64578 954153.343255 1.2015 0.0 2456257.12607 0.0 4.0 0.0
0.496285216421 7545798.82297 954290.209622 1.2015 0.0 2456257.12752 0.0 4.0 0.0
0.497471085027 7546861.39794 954428.948498 1.2015 0.0 2456257.12897 0.0 4.0 0.0
0.499842975693 7546197.16995 954392.355084 1.2015 0.0 2456257.13186 0.0 4.0 0.0
-0.496599113106 7544149.83315 954060.407143 1.2015 0.0 2456257.1362 0.0 4.0 0.0
-0.471750918233 7523350.00595 951358.285236 1.2015 0.0 2456257.16651 0.0 4.0 0.0
-0.468192911218 7538370.77804 953353.921685 1.2015 0.0 2456257.17085 0.0 4.0 0.0
-0.467007012455 7542807.61787 953929.73666 1.2015 0.0 2456257.1723 0.0 4.0 0.0
-0.465820963673 7543279.99503 954008.042315 1.2015 0.0 2456257.17375 0.0 4.0 0.0
-0.464635063766 7545485.42616 954270.454493 1.2015 0.0 2456257.17519 0.0 4.0 0.0
-0.463449013457 7549045.28725 954633.398659 1.2015 0.0 2456257.17664 0.0 4.0 0.0
-0.46226312462 7549258.71067 954710.874186 1.2015 0.0 2456257.17809 0.0 4.0 0.0
-0.46107707851 7552366.23613 955099.160169 1.2015 0.0 2456257.17953 0.0 4.0 0.0
-0.459891186237 7551449.30495 954989.844477 1.2015 0.0 2456257.18098 0.0 4.0 0.0
-0.458705152342 7553148.31593 955221.072316 1.2015 0.0 2456257.18243 0.0 4.0 0.0
-0.45751926465 7552538.01553 955188.384441 1.2015 0.0 2456257.18387 0.0 4.0 0.0
-0.456333226938 7554586.17084 955380.382095 1.2015 0.0 2456257.18532 0.0 4.0 0.0
-0.455147351843 7551179.49494 954907.304541 1.2015 0.0 2456257.18677 0.0 4.0 0.0
-0.453961319093 7552089.4961 955061.901619 1.2015 0.0 2456257.18821 0.0 4.0 0.0
-0.452775439799 7552491.91821 955114.106382 1.2015 0.0 2456257.18966 0.0 4.0 0.0
-0.451589419265 7550531.45193 954847.336027 1.2015 0.0 2456257.19111 0.0 4.0 0.0
-0.450403543789 7549493.48614 954798.355888 1.2015 0.0 2456257.19255 0.0 4.0 0.0
