#time 		photoelectrons 	error 		visit 	orbit 	scan 	wave_center 	wave_start 	wave_end
0.345126933741 7108541.11225 833482.271471 1.16 0.0 2456306.95783 1.0 9.0 0.0
0.34631307681 7144444.43712 837830.473264 1.16 0.0 2456306.95928 1.0 9.0 0.0
0.347498911442 7158014.4714 839434.609619 1.16 0.0 2456306.96073 1.0 9.0 0.0
0.348684744547 7166341.93233 840346.991401 1.16 0.0 2456306.96217 1.0 9.0 0.0
0.34987057956 7173840.74979 841269.407845 1.16 0.0 2456306.96362 1.0 9.0 0.0
0.35105671156 7178369.2142 841805.438137 1.16 0.0 2456306.96507 1.0 9.0 0.0
0.352242537411 7181914.09547 842181.824253 1.16 0.0 2456306.96651 1.0 9.0 0.0
0.353428365554 7184295.40148 842480.604191 1.16 0.0 2456306.96796 1.0 9.0 0.0
0.354614185679 7186420.54493 842672.584387 1.16 0.0 2456306.96941 1.0 9.0 0.0
0.355800306609 7188759.63612 842992.01007 1.16 0.0 2456306.97085 1.0 9.0 0.0
0.356986124826 7189719.64034 843075.823619 1.16 0.0 2456306.9723 1.0 9.0 0.0
0.358171936172 7189334.70784 843092.848741 1.16 0.0 2456306.97375 1.0 9.0 0.0
0.359357744464 7193223.78797 843501.729696 1.16 0.0 2456306.97519 1.0 9.0 0.0
0.360543856995 7188123.12674 842882.711403 1.16 0.0 2456306.97664 1.0 9.0 0.0
0.36172965918 7187487.4366 842814.824304 1.16 0.0 2456306.97809 1.0 9.0 0.0
0.362915459074 7186803.2758 842780.385147 1.16 0.0 2456306.97953 1.0 9.0 0.0
0.364101260495 7185724.87912 842612.41687 1.16 0.0 2456306.98098 1.0 9.0 0.0
0.365287363483 7185220.67122 842519.261935 1.16 0.0 2456306.98243 1.0 9.0 0.0
0.366473152689 7184988.61222 842532.720082 1.16 0.0 2456306.98387 1.0 9.0 0.0
0.367658949147 7186108.63076 842725.931762 1.16 0.0 2456306.98532 1.0 9.0 0.0
0.368844745224 7182880.18723 842315.776012 1.16 0.0 2456306.98677 1.0 9.0 0.0
0.370030835233 7183393.12772 842331.578391 1.16 0.0 2456306.98821 1.0 9.0 0.0
0.371216630547 7184704.3083 842531.912709 1.16 0.0 2456306.98966 1.0 9.0 0.0
0.37240242586 7182571.85487 842286.441724 1.16 0.0 2456306.99111 1.0 9.0 0.0
0.397837392006 7180975.38136 841894.402234 1.16 0.0 2456307.02213 1.0 9.0 0.0
0.399023527822 7190533.94973 843154.140137 1.16 0.0 2456307.02358 1.0 9.0 0.0
0.400209367798 7194303.17769 843600.669476 1.16 0.0 2456307.02503 1.0 9.0 0.0
0.401395206629 7196379.52901 843842.581699 1.16 0.0 2456307.02647 1.0 9.0 0.0
0.402581036298 7196313.50934 843832.806193 1.16 0.0 2456307.02792 1.0 9.0 0.0
0.403767175932 7198702.23458 844168.073613 1.16 0.0 2456307.02937 1.0 9.0 0.0
0.40613883298 7197164.78027 843961.934005 1.16 0.0 2456307.03226 1.0 9.0 0.0
0.407324661885 7199918.94335 844304.12916 1.16 0.0 2456307.03371 1.0 9.0 0.0
0.409696605613 7196608.93066 843902.713204 1.16 0.0 2456307.0366 1.0 9.0 0.0
0.410882425357 7196938.16281 843926.034002 1.16 0.0 2456307.03805 1.0 9.0 0.0
0.412068242811 7195783.83064 843813.178882 1.16 0.0 2456307.03949 1.0 9.0 0.0
0.413254355342 7195450.71244 843751.043198 1.16 0.0 2456307.04094 1.0 9.0 0.0
0.414440162107 7194290.76417 843660.644893 1.16 0.0 2456307.04239 1.0 9.0 0.0
0.415625969636 7195070.18945 843763.077341 1.16 0.0 2456307.04383 1.0 9.0 0.0
0.416811770675 7193581.60148 843592.178971 1.16 0.0 2456307.04528 1.0 9.0 0.0
0.417997872518 7192721.63765 843447.687835 1.16 0.0 2456307.04673 1.0 9.0 0.0
0.419183673176 7191008.79725 843197.960908 1.16 0.0 2456307.04817 1.0 9.0 0.0
0.420369467344 7191251.70705 843243.503492 1.16 0.0 2456307.04962 1.0 9.0 0.0
0.452303218394 7180159.77595 841829.518953 1.16 0.0 2456307.08858 1.0 9.0 0.0
0.453489058752 7187402.87045 842761.610253 1.16 0.0 2456307.09002 1.0 9.0 0.0
0.454674899109 7186554.68625 842697.158954 1.16 0.0 2456307.09147 1.0 9.0 0.0
0.455860729923 7186738.1986 842738.408943 1.16 0.0 2456307.09291 1.0 9.0 0.0
0.457046870702 7183528.02758 842379.53862 1.16 0.0 2456307.09436 1.0 9.0 0.0
0.458232706479 7181859.3434 842189.714524 1.16 0.0 2456307.09581 1.0 9.0 0.0
0.459418532331 7178942.80549 841886.797698 1.16 0.0 2456307.09726 1.0 9.0 0.0
0.460604363527 7179019.02267 841875.203188 1.16 0.0 2456307.0987 1.0 9.0 0.0
0.461790495908 7178084.13213 841732.622197 1.16 0.0 2456307.10015 1.0 9.0 0.0
0.462976313362 7177134.3953 841639.625485 1.16 0.0 2456307.1016 1.0 9.0 0.0
0.464162136542 7176137.90484 841509.156175 1.16 0.0 2456307.10304 1.0 9.0 0.0
0.465347956286 7177653.16122 841734.490457 1.16 0.0 2456307.10449 1.0 9.0 0.0
0.466534072253 7178241.9298 841744.028381 1.16 0.0 2456307.10594 1.0 9.0 0.0
0.46771988169 7179655.41316 841928.539825 1.16 0.0 2456307.10738 1.0 9.0 0.0
0.468905692273 7180482.40663 842048.420259 1.16 0.0 2456307.10883 1.0 9.0 0.0
0.470091496366 7180200.32395 842008.413201 1.16 0.0 2456307.11027 1.0 9.0 0.0
0.471277600499 7181232.80588 842123.857075 1.16 0.0 2456307.11172 1.0 9.0 0.0
0.472463403065 7183017.49482 842362.914176 1.16 0.0 2456307.11317 1.0 9.0 0.0
0.473649199524 7184196.73567 842430.881137 1.16 0.0 2456307.11461 1.0 9.0 0.0
0.474834994074 7184804.75783 842539.94294 1.16 0.0 2456307.11606 1.0 9.0 0.0
0.476021094771 7184460.50858 842471.763947 1.16 0.0 2456307.11751 1.0 9.0 0.0
0.477206886649 7184619.48602 842529.582945 1.16 0.0 2456307.11895 1.0 9.0 0.0
0.478392829692 7185477.59323 842663.152644 1.16 0.0 2456307.1204 1.0 9.0 0.0
0.479578473077 7184570.58454 842489.489691 1.16 0.0 2456307.12185 1.0 9.0 0.0
0.480764567667 7184344.22509 842475.87479 1.16 0.0 2456307.12329 1.0 9.0 0.0
-0.49322169025 7164749.3011 839997.658228 1.16 0.0 2456307.15503 1.0 9.0 0.0
-0.492036001439 7174003.24935 841148.70632 1.16 0.0 2456307.15647 1.0 9.0 0.0
-0.490849862568 7177773.85401 841634.231129 1.16 0.0 2456307.15792 1.0 9.0 0.0
-0.489664027937 7176709.44898 841557.724985 1.16 0.0 2456307.15937 1.0 9.0 0.0
-0.488478038704 7181557.87505 842190.212624 1.16 0.0 2456307.16081 1.0 9.0 0.0
-0.487292358674 7180645.27032 842035.908373 1.16 0.0 2456307.16226 1.0 9.0 0.0
-0.486106225529 7181694.83993 842220.952939 1.16 0.0 2456307.16371 1.0 9.0 0.0
-0.484920394333 7185880.68535 842670.155635 1.16 0.0 2456307.16515 1.0 9.0 0.0
-0.483734418079 7187141.28598 842773.003696 1.16 0.0 2456307.1666 1.0 9.0 0.0
-0.482548747973 7187992.6537 842929.136459 1.16 0.0 2456307.16805 1.0 9.0 0.0
-0.4813626217 7190455.37955 843196.476048 1.16 0.0 2456307.16949 1.0 9.0 0.0
-0.480176801956 7189803.4933 843032.943126 1.16 0.0 2456307.17094 1.0 9.0 0.0
-0.478990841735 7190064.4077 843073.424135 1.16 0.0 2456307.17239 1.0 9.0 0.0
-0.476619065969 7191722.86375 843290.151407 1.16 0.0 2456307.17528 1.0 9.0 0.0
-0.474247309671 7188961.19094 842963.311017 1.16 0.0 2456307.17817 1.0 9.0 0.0
-0.470689764168 7186603.58063 842720.968791 1.16 0.0 2456307.18251 1.0 9.0 0.0
-0.468318179267 7182460.65574 842262.181606 1.16 0.0 2456307.18541 1.0 9.0 0.0
-0.46713208086 7182313.72249 842276.131035 1.16 0.0 2456307.18685 1.0 9.0 0.0
-0.465946285165 7179215.84181 841887.235431 1.16 0.0 2456307.1883 1.0 9.0 0.0
-0.464760346321 7178682.02175 841789.405751 1.16 0.0 2456307.18975 1.0 9.0 0.0
-0.438756315066 7166092.78431 840162.21362 1.16 0.0 2456307.22147 1.0 9.0 0.0
-0.437570175432 7173290.87938 841155.800502 1.16 0.0 2456307.22292 1.0 9.0 0.0
-0.436384340037 7176429.12681 841599.716934 1.16 0.0 2456307.22436 1.0 9.0 0.0
-0.43519834966 7177983.72282 841754.097224 1.16 0.0 2456307.22581 1.0 9.0 0.0
-0.43401266772 7179705.80651 841932.977815 1.16 0.0 2456307.22726 1.0 9.0 0.0
-0.432826533049 7181181.79317 842140.668929 1.16 0.0 2456307.2287 1.0 9.0 0.0
-0.431640699562 7182360.65537 842302.920775 1.16 0.0 2456307.23015 1.0 9.0 0.0
-0.430454720637 7182758.46442 842247.346833 1.16 0.0 2456307.2316 1.0 9.0 0.0
-0.429269047859 7182536.76294 842303.19168 1.16 0.0 2456307.23304 1.0 9.0 0.0
-0.428082918531 7185596.72565 842618.852335 1.16 0.0 2456307.23449 1.0 9.0 0.0
-0.426897095733 7185988.31047 842694.62614 1.16 0.0 2456307.23594 1.0 9.0 0.0
-0.425711132459 7185489.40647 842597.564812 1.16 0.0 2456307.23738 1.0 9.0 0.0
-0.424525467315 7184762.86173 842558.871579 1.16 0.0 2456307.23883 1.0 9.0 0.0
-0.423339350585 7184770.51531 842478.854808 1.16 0.0 2456307.24028 1.0 9.0 0.0
-0.422153548019 7183625.61367 842369.680624 1.16 0.0 2456307.24172 1.0 9.0 0.0
-0.420967588562 7183739.93439 842339.486316 1.16 0.0 2456307.24317 1.0 9.0 0.0
-0.419781935252 7184062.30602 842443.455292 1.16 0.0 2456307.24461 1.0 9.0 0.0
-0.418595837226 7182494.1418 842250.953565 1.16 0.0 2456307.24606 1.0 9.0 0.0
-0.41741003695 7185230.94975 842613.606123 1.16 0.0 2456307.24751 1.0 9.0 0.0
-0.416224086654 7182821.17347 842260.946829 1.16 0.0 2456307.24895 1.0 9.0 0.0
0.318950816244 7151304.69805 838564.41296 1.16 0.0 2456256.9112 0.0 4.0 0.0
0.320136860827 7169637.36733 840755.459654 1.16 0.0 2456256.91264 0.0 4.0 0.0
0.321322755008 7178120.28564 841688.005043 1.16 0.0 2456256.91409 0.0 4.0 0.0
0.322508795011 7181841.90824 842129.511557 1.16 0.0 2456256.91554 0.0 4.0 0.0
0.323694680794 7188107.46214 842860.979199 1.16 0.0 2456256.91698 0.0 4.0 0.0
0.324880720415 7190251.12782 843100.516885 1.16 0.0 2456256.91843 0.0 4.0 0.0
0.326066601236 7190955.527 843117.476591 1.16 0.0 2456256.91988 0.0 4.0 0.0
0.327252632077 7192247.02391 843252.397888 1.16 0.0 2456256.92132 0.0 4.0 0.0
0.328438512897 7194645.81412 843555.500012 1.16 0.0 2456256.92277 0.0 4.0 0.0
0.329624539158 7194341.87287 843503.28818 1.16 0.0 2456256.92422 0.0 4.0 0.0
0.330810411581 7194302.85366 843482.086202 1.16 0.0 2456256.92566 0.0 4.0 0.0
0.331996438986 7196311.81833 843677.389575 1.16 0.0 2456256.92711 0.0 4.0 0.0
0.333182308355 7195850.80388 843678.945332 1.16 0.0 2456256.92856 0.0 4.0 0.0
0.334368328507 7196159.84365 843724.476267 1.16 0.0 2456256.93 0.0 4.0 0.0
0.335554200167 7195380.3687 843611.15159 1.16 0.0 2456256.93145 0.0 4.0 0.0
0.336740222991 7196634.79976 843755.393935 1.16 0.0 2456256.9329 0.0 4.0 0.0
0.337926085489 7195579.40837 843658.532058 1.16 0.0 2456256.93434 0.0 4.0 0.0
0.339112108314 7192980.20661 843327.341585 1.16 0.0 2456256.93579 0.0 4.0 0.0
0.34029797921 7194857.44451 843591.601246 1.16 0.0 2456256.93724 0.0 4.0 0.0
0.364766831063 7168808.08948 840419.917904 1.16 0.0 2456256.96709 0.0 4.0 0.0
0.365952731734 7176444.10275 841363.541649 1.16 0.0 2456256.96853 0.0 4.0 0.0
0.367138787769 7178886.39723 841678.708003 1.16 0.0 2456256.96998 0.0 4.0 0.0
0.368324692257 7182553.33048 842138.739834 1.16 0.0 2456256.97143 0.0 4.0 0.0
0.369510739131 7183756.27932 842240.672743 1.16 0.0 2456256.97287 0.0 4.0 0.0
0.370696640947 7183370.59397 842170.122123 1.16 0.0 2456256.97432 0.0 4.0 0.0
0.371882693165 7189172.43648 842896.617464 1.16 0.0 2456256.97577 0.0 4.0 0.0
0.37306858391 7187055.4565 842626.13475 1.16 0.0 2456256.97721 0.0 4.0 0.0
0.374254632311 7189593.54497 842940.07597 1.16 0.0 2456256.97866 0.0 4.0 0.0
0.375440527638 7189511.66221 842943.22028 1.16 0.0 2456256.98011 0.0 4.0 0.0
0.378998494571 7188380.44203 842790.207685 1.16 0.0 2456256.98445 0.0 4.0 0.0
0.380184372338 7187481.04423 842692.885222 1.16 0.0 2456256.98589 0.0 4.0 0.0
0.381370407378 7187996.69348 842749.267434 1.16 0.0 2456256.98734 0.0 4.0 0.0
0.382556288962 7185180.96127 842403.185929 1.16 0.0 2456256.98879 0.0 4.0 0.0
0.383742311787 7184025.66293 842241.359147 1.16 0.0 2456256.99023 0.0 4.0 0.0
0.384928189172 7182173.54127 841993.413955 1.16 0.0 2456256.99168 0.0 4.0 0.0
0.386114216578 7182232.88331 842058.178349 1.16 0.0 2456256.99313 0.0 4.0 0.0
0.387300082511 7181888.05901 842029.951809 1.16 0.0 2456256.99457 0.0 4.0 0.0
0.388486106863 7181763.00811 842066.403666 1.16 0.0 2456256.99602 0.0 4.0 0.0
0.389671978904 7178604.38726 841665.009425 1.16 0.0 2456256.99747 0.0 4.0 0.0
0.390857997529 7181543.99612 842021.47113 1.16 0.0 2456256.99891 0.0 4.0 0.0
0.392043864226 7182592.18518 842126.905538 1.16 0.0 2456257.00036 0.0 4.0 0.0
0.393229886669 7181155.85834 841948.162854 1.16 0.0 2456257.00181 0.0 4.0 0.0
0.394415753366 7183629.58611 842246.788989 1.16 0.0 2456257.00325 0.0 4.0 0.0
0.395601772755 7186026.07192 842556.016176 1.16 0.0 2456257.0047 0.0 4.0 0.0
0.419264110474 7176744.30909 841261.102687 1.16 0.0 2456257.03357 0.0 4.0 0.0
0.420450006946 7185091.79919 842343.042887 1.16 0.0 2456257.03501 0.0 4.0 0.0
0.422821967088 7188748.27332 842815.728559 1.16 0.0 2456257.03791 0.0 4.0 0.0
0.424008017779 7189004.46884 842893.795415 1.16 0.0 2456257.03935 0.0 4.0 0.0
0.426379967232 7188794.5162 842826.938014 1.16 0.0 2456257.04225 0.0 4.0 0.0
0.427565862177 7188600.59725 842803.844558 1.16 0.0 2456257.04369 0.0 4.0 0.0
0.42875190676 7186874.94838 842578.660661 1.16 0.0 2456257.04514 0.0 4.0 0.0
0.429937801323 7187001.4684 842637.570994 1.16 0.0 2456257.04659 0.0 4.0 0.0
0.431123841325 7188342.5858 842760.22264 1.16 0.0 2456257.04803 0.0 4.0 0.0
0.432309728254 7187167.21497 842637.827174 1.16 0.0 2456257.04948 0.0 4.0 0.0
0.433495767875 7185797.11147 842544.09186 1.16 0.0 2456257.05093 0.0 4.0 0.0
0.434681649841 7186095.73515 842513.986804 1.16 0.0 2456257.05237 0.0 4.0 0.0
0.435867680682 7185779.1067 842518.574497 1.16 0.0 2456257.05382 0.0 4.0 0.0
0.437053562266 7184346.81744 842275.101729 1.16 0.0 2456257.05527 0.0 4.0 0.0
0.438239588908 7183700.47352 842235.553714 1.16 0.0 2456257.05671 0.0 4.0 0.0
0.439425462476 7183698.10384 842242.987295 1.16 0.0 2456257.05816 0.0 4.0 0.0
0.4406114895 7182453.53647 842127.100674 1.16 0.0 2456257.05961 0.0 4.0 0.0
0.441797359632 7182841.39343 842145.207317 1.16 0.0 2456257.06105 0.0 4.0 0.0
0.442983379785 7183934.83179 842292.892953 1.16 0.0 2456257.0625 0.0 4.0 0.0
0.444169251826 7184181.91229 842291.550014 1.16 0.0 2456257.06395 0.0 4.0 0.0
0.44535527465 7183006.32002 842147.37102 1.16 0.0 2456257.06539 0.0 4.0 0.0
0.446541137148 7184026.76391 842264.515276 1.16 0.0 2456257.06684 0.0 4.0 0.0
0.447727159591 7184322.9848 842313.428774 1.16 0.0 2456257.06829 0.0 4.0 0.0
0.448913030487 7185736.17527 842463.48471 1.16 0.0 2456257.06973 0.0 4.0 0.0
0.473751817625 7166400.68583 839990.139476 1.16 0.0 2456257.10003 0.0 4.0 0.0
0.474937865644 7174339.99004 841128.729701 1.16 0.0 2456257.10148 0.0 4.0 0.0
0.477309825403 7172736.31999 840948.310093 1.16 0.0 2456257.10437 0.0 4.0 0.0
0.478495719967 7176530.46732 841413.515477 1.16 0.0 2456257.10582 0.0 4.0 0.0
0.47968177333 7175217.32553 841317.263656 1.16 0.0 2456257.10727 0.0 4.0 0.0
0.480867673619 7174758.63978 841209.881642 1.16 0.0 2456257.10871 0.0 4.0 0.0
0.482053719729 7175910.73947 841340.613026 1.16 0.0 2456257.11016 0.0 4.0 0.0
0.483239612383 7175855.87229 841296.97004 1.16 0.0 2456257.11161 0.0 4.0 0.0
0.484425658875 7176065.31398 841316.912595 1.16 0.0 2456257.11305 0.0 4.0 0.0
0.485611547331 7177502.86748 841463.208351 1.16 0.0 2456257.1145 0.0 4.0 0.0
0.486797585424 7179024.8905 841706.939657 1.16 0.0 2456257.11595 0.0 4.0 0.0
0.487983473498 7179474.65398 841762.405102 1.16 0.0 2456257.11739 0.0 4.0 0.0
0.489169507011 7180921.28156 841916.625516 1.16 0.0 2456257.11884 0.0 4.0 0.0
0.490355385924 7183382.67135 842191.779052 1.16 0.0 2456257.12029 0.0 4.0 0.0
0.491541419437 7184652.07213 842376.585187 1.16 0.0 2456257.12173 0.0 4.0 0.0
0.49272729415 7189532.74131 842909.537136 1.16 0.0 2456257.12318 0.0 4.0 0.0
0.493913319265 7186093.84501 842534.083887 1.16 0.0 2456257.12463 0.0 4.0 0.0
0.495099194741 7188427.85182 842777.976927 1.16 0.0 2456257.12607 0.0 4.0 0.0
0.496285216421 7186749.03703 842583.767014 1.16 0.0 2456257.12752 0.0 4.0 0.0
0.497471085027 7190663.08966 843046.242624 1.16 0.0 2456257.12897 0.0 4.0 0.0
0.499842975693 7189439.93829 842931.587202 1.16 0.0 2456257.13186 0.0 4.0 0.0
-0.496599113106 7186793.06745 842566.089228 1.16 0.0 2456257.1362 0.0 4.0 0.0
-0.471750918233 7167522.80954 840239.997616 1.16 0.0 2456257.16651 0.0 4.0 0.0
-0.468192911218 7183070.79598 842149.65984 1.16 0.0 2456257.17085 0.0 4.0 0.0
-0.467007012455 7185205.90882 842415.972797 1.16 0.0 2456257.1723 0.0 4.0 0.0
-0.465820963673 7188423.87601 842787.36928 1.16 0.0 2456257.17375 0.0 4.0 0.0
-0.464635063766 7188880.12308 842813.419947 1.16 0.0 2456257.17519 0.0 4.0 0.0
-0.463449013457 7189185.88909 842815.933182 1.16 0.0 2456257.17664 0.0 4.0 0.0
-0.46226312462 7193367.4884 843354.634735 1.16 0.0 2456257.17809 0.0 4.0 0.0
-0.46107707851 7195111.39039 843557.811026 1.16 0.0 2456257.17953 0.0 4.0 0.0
-0.459891186237 7195016.30315 843541.167186 1.16 0.0 2456257.18098 0.0 4.0 0.0
-0.458705152342 7196278.02526 843696.703898 1.16 0.0 2456257.18243 0.0 4.0 0.0
-0.45751926465 7198134.80616 843953.042787 1.16 0.0 2456257.18387 0.0 4.0 0.0
-0.456333226938 7196924.27382 843761.106933 1.16 0.0 2456257.18532 0.0 4.0 0.0
-0.455147351843 7196005.71713 843611.088919 1.16 0.0 2456257.18677 0.0 4.0 0.0
-0.453961319093 7197306.93756 843782.279317 1.16 0.0 2456257.18821 0.0 4.0 0.0
-0.452775439799 7195408.25997 843578.726077 1.16 0.0 2456257.18966 0.0 4.0 0.0
-0.451589419265 7195707.54729 843604.406289 1.16 0.0 2456257.19111 0.0 4.0 0.0
-0.450403543789 7194420.75765 843507.883953 1.16 0.0 2456257.19255 0.0 4.0 0.0
