1.137 0.001219 0.000039 0.300 0.000 2.79
1.163 0.001166 0.000038 0.300 0.000 2.86
1.188 0.001145 0.000038 0.300 0.000 2.49
1.212 0.001219 0.000037 0.300 0.000 3.21
1.238 0.001196 0.000037 0.300 0.000 3.19
1.262 0.001201 0.000038 0.300 0.000 2.40
1.288 0.001192 0.000038 0.300 0.000 2.12
1.312 0.001330 0.000038 0.300 0.000 3.05
1.337 0.001303 0.000038 0.300 0.000 2.27
1.363 0.001328 0.000039 0.300 0.000 2.72
1.387 0.001257 0.000040 0.300 0.000 2.17
1.413 0.001435 0.000040 0.300 0.000 2.29
1.438 0.001483 0.000041 0.300 0.000 2.98
1.462 0.001500 0.000000 0.300 0.000 2.35
1.488 0.001500 0.000000 0.300 0.000 2.05
1.512 0.001500 0.000000 0.300 0.000 2.80
1.538 0.001500 0.000000 0.300 0.000 2.63
1.562 0.001500 0.000000 0.300 0.000 2.55
1.587 0.001500 0.000000 0.300 0.000 3.13
1.613 0.001500 0.000000 0.300 0.000 4.04
1.637 0.001500 0.000000 0.300 0.000 4.00
