#time 		photoelectrons 	error 		visit 	orbit 	scan 	wave_center 	wave_start 	wave_end
0.345126933741 6676507.69764 783336.096898 1.4 0.0 2456306.95783 1.0 9.0 0.0
0.34631307681 6705839.4624 786842.545401 1.4 0.0 2456306.95928 1.0 9.0 0.0
0.347498911442 6720296.28936 788506.637946 1.4 0.0 2456306.96073 1.0 9.0 0.0
0.348684744547 6726499.89636 789185.472755 1.4 0.0 2456306.96217 1.0 9.0 0.0
0.34987057956 6733144.20609 789991.583346 1.4 0.0 2456306.96362 1.0 9.0 0.0
0.35105671156 6738262.5535 790588.609596 1.4 0.0 2456306.96507 1.0 9.0 0.0
0.352242537411 6739443.58378 790698.52106 1.4 0.0 2456306.96651 1.0 9.0 0.0
0.353428365554 6743844.26943 791198.818179 1.4 0.0 2456306.96796 1.0 9.0 0.0
0.354614185679 6744387.7622 791234.523155 1.4 0.0 2456306.96941 1.0 9.0 0.0
0.355800306609 6744581.53293 791311.784447 1.4 0.0 2456306.97085 1.0 9.0 0.0
0.356986124826 6743723.67668 791182.580077 1.4 0.0 2456306.9723 1.0 9.0 0.0
0.358171936172 6747208.38287 791654.084177 1.4 0.0 2456306.97375 1.0 9.0 0.0
0.359357744464 6747216.46862 791595.670899 1.4 0.0 2456306.97519 1.0 9.0 0.0
0.360543856995 6744676.77936 791277.384385 1.4 0.0 2456306.97664 1.0 9.0 0.0
0.36172965918 6744110.63078 791221.70102 1.4 0.0 2456306.97809 1.0 9.0 0.0
0.362915459074 6742669.56331 791103.072964 1.4 0.0 2456306.97953 1.0 9.0 0.0
0.364101260495 6740873.7979 790855.410043 1.4 0.0 2456306.98098 1.0 9.0 0.0
0.365287363483 6739629.33376 790678.157975 1.4 0.0 2456306.98243 1.0 9.0 0.0
0.366473152689 6739962.21574 790734.64203 1.4 0.0 2456306.98387 1.0 9.0 0.0
0.367658949147 6740045.56891 790799.045726 1.4 0.0 2456306.98532 1.0 9.0 0.0
0.368844745224 6739802.16475 790743.665204 1.4 0.0 2456306.98677 1.0 9.0 0.0
0.370030835233 6739542.59016 790693.024798 1.4 0.0 2456306.98821 1.0 9.0 0.0
0.371216630547 6741725.77241 790997.395239 1.4 0.0 2456306.98966 1.0 9.0 0.0
0.37240242586 6740790.7281 790857.23779 1.4 0.0 2456306.99111 1.0 9.0 0.0
0.397837392006 6735725.75334 790126.694994 1.4 0.0 2456307.02213 1.0 9.0 0.0
0.399023527822 6743457.7725 791142.063597 1.4 0.0 2456307.02358 1.0 9.0 0.0
0.400209367798 6746600.95892 791513.186819 1.4 0.0 2456307.02503 1.0 9.0 0.0
0.401395206629 6748871.45723 791757.88796 1.4 0.0 2456307.02647 1.0 9.0 0.0
0.402581036298 6749442.73752 791846.094897 1.4 0.0 2456307.02792 1.0 9.0 0.0
0.403767175932 6751427.73155 792116.52301 1.4 0.0 2456307.02937 1.0 9.0 0.0
0.40613883298 6749897.13525 791904.894361 1.4 0.0 2456307.03226 1.0 9.0 0.0
0.407324661885 6750852.79285 792046.835075 1.4 0.0 2456307.03371 1.0 9.0 0.0
0.409696605613 6750254.37899 791944.052596 1.4 0.0 2456307.0366 1.0 9.0 0.0
0.410882425357 6749558.72017 791857.207328 1.4 0.0 2456307.03805 1.0 9.0 0.0
0.412068242811 6749500.31272 791866.817453 1.4 0.0 2456307.03949 1.0 9.0 0.0
0.413254355342 6749274.25183 791826.124378 1.4 0.0 2456307.04094 1.0 9.0 0.0
0.414440162107 6747681.40533 791672.378673 1.4 0.0 2456307.04239 1.0 9.0 0.0
0.415625969636 6748034.5108 791726.989886 1.4 0.0 2456307.04383 1.0 9.0 0.0
0.416811770675 6748716.5016 791813.345803 1.4 0.0 2456307.04528 1.0 9.0 0.0
0.417997872518 6746105.91571 791457.145277 1.4 0.0 2456307.04673 1.0 9.0 0.0
0.419183673176 6748412.70021 791696.197386 1.4 0.0 2456307.04817 1.0 9.0 0.0
0.420369467344 6746244.61914 791448.559437 1.4 0.0 2456307.04962 1.0 9.0 0.0
0.452303218394 6733823.93859 789965.598645 1.4 0.0 2456307.08858 1.0 9.0 0.0
0.453489058752 6742544.22229 791018.989469 1.4 0.0 2456307.09002 1.0 9.0 0.0
0.454674899109 6740642.69657 790821.336733 1.4 0.0 2456307.09147 1.0 9.0 0.0
0.455860729923 6739288.13785 790663.248309 1.4 0.0 2456307.09291 1.0 9.0 0.0
0.457046870702 6736831.36402 790401.535079 1.4 0.0 2456307.09436 1.0 9.0 0.0
0.458232706479 6735335.47919 790214.390109 1.4 0.0 2456307.09581 1.0 9.0 0.0
0.459418532331 6734050.54476 790125.136026 1.4 0.0 2456307.09726 1.0 9.0 0.0
0.460604363527 6734006.61472 790069.08381 1.4 0.0 2456307.0987 1.0 9.0 0.0
0.461790495908 6732936.58071 789927.756411 1.4 0.0 2456307.10015 1.0 9.0 0.0
0.462976313362 6732185.97784 789852.96781 1.4 0.0 2456307.1016 1.0 9.0 0.0
0.464162136542 6733278.97516 789981.694681 1.4 0.0 2456307.10304 1.0 9.0 0.0
0.465347956286 6733615.3596 790047.636175 1.4 0.0 2456307.10449 1.0 9.0 0.0
0.466534072253 6733958.66585 790054.396927 1.4 0.0 2456307.10594 1.0 9.0 0.0
0.46771988169 6733516.55872 790009.508371 1.4 0.0 2456307.10738 1.0 9.0 0.0
0.468905692273 6736305.27669 790357.285939 1.4 0.0 2456307.10883 1.0 9.0 0.0
0.470091496366 6737444.39369 790476.415214 1.4 0.0 2456307.11027 1.0 9.0 0.0
0.471277600499 6736907.30351 790423.167664 1.4 0.0 2456307.11172 1.0 9.0 0.0
0.472463403065 6735593.95149 790286.231062 1.4 0.0 2456307.11317 1.0 9.0 0.0
0.473649199524 6738430.21186 790572.427247 1.4 0.0 2456307.11461 1.0 9.0 0.0
0.474834994074 6739800.98633 790747.352894 1.4 0.0 2456307.11606 1.0 9.0 0.0
0.476021094771 6738979.58818 790638.865689 1.4 0.0 2456307.11751 1.0 9.0 0.0
0.477206886649 6739196.94692 790690.079769 1.4 0.0 2456307.11895 1.0 9.0 0.0
0.478392829692 6739945.33057 790823.326642 1.4 0.0 2456307.1204 1.0 9.0 0.0
0.479578473077 6739961.97944 790746.420284 1.4 0.0 2456307.12185 1.0 9.0 0.0
0.480764567667 6739659.60418 790712.056086 1.4 0.0 2456307.12329 1.0 9.0 0.0
-0.49322169025 6722040.56934 788569.755374 1.4 0.0 2456307.15503 1.0 9.0 0.0
-0.492036001439 6730004.16233 789502.115676 1.4 0.0 2456307.15647 1.0 9.0 0.0
-0.490849862568 6732058.13807 789793.306723 1.4 0.0 2456307.15792 1.0 9.0 0.0
-0.489664027937 6734805.95478 790141.149949 1.4 0.0 2456307.15937 1.0 9.0 0.0
-0.488478038704 6737074.03522 790467.298138 1.4 0.0 2456307.16081 1.0 9.0 0.0
-0.487292358674 6739346.46607 790671.545204 1.4 0.0 2456307.16226 1.0 9.0 0.0
-0.486106225529 6740093.96869 790835.451094 1.4 0.0 2456307.16371 1.0 9.0 0.0
-0.484920394333 6740554.71586 790847.423361 1.4 0.0 2456307.16515 1.0 9.0 0.0
-0.483734418079 6741291.14087 790908.068632 1.4 0.0 2456307.1666 1.0 9.0 0.0
-0.482548747973 6741152.52743 790940.550098 1.4 0.0 2456307.16805 1.0 9.0 0.0
-0.4813626217 6743136.38925 791143.030531 1.4 0.0 2456307.16949 1.0 9.0 0.0
-0.480176801956 6742026.97023 790942.218115 1.4 0.0 2456307.17094 1.0 9.0 0.0
-0.478990841735 6744223.95847 791187.680846 1.4 0.0 2456307.17239 1.0 9.0 0.0
-0.476619065969 6741781.90153 790946.708338 1.4 0.0 2456307.17528 1.0 9.0 0.0
-0.474247309671 6741775.2123 790933.106427 1.4 0.0 2456307.17817 1.0 9.0 0.0
-0.470689764168 6741056.83215 790870.624533 1.4 0.0 2456307.18251 1.0 9.0 0.0
-0.468318179267 6738737.0375 790609.379226 1.4 0.0 2456307.18541 1.0 9.0 0.0
-0.46713208086 6737161.84403 790467.730255 1.4 0.0 2456307.18685 1.0 9.0 0.0
-0.465946285165 6735954.31926 790315.96808 1.4 0.0 2456307.1883 1.0 9.0 0.0
-0.464760346321 6736749.34976 790358.746974 1.4 0.0 2456307.18975 1.0 9.0 0.0
-0.438756315066 6725021.17076 788902.595404 1.4 0.0 2456307.22147 1.0 9.0 0.0
-0.437570175432 6731607.26584 789768.154822 1.4 0.0 2456307.22292 1.0 9.0 0.0
-0.436384340037 6732631.77497 789957.505206 1.4 0.0 2456307.22436 1.0 9.0 0.0
-0.43519834966 6736176.8589 790322.112885 1.4 0.0 2456307.22581 1.0 9.0 0.0
-0.43401266772 6736127.07138 790313.970599 1.4 0.0 2456307.22726 1.0 9.0 0.0
-0.432826533049 6738204.89561 790583.92031 1.4 0.0 2456307.2287 1.0 9.0 0.0
-0.431640699562 6739192.11643 790721.840006 1.4 0.0 2456307.23015 1.0 9.0 0.0
-0.430454720637 6739702.17065 790686.400333 1.4 0.0 2456307.2316 1.0 9.0 0.0
-0.429269047859 6741010.94913 790928.965634 1.4 0.0 2456307.23304 1.0 9.0 0.0
-0.428082918531 6741241.26094 790903.158708 1.4 0.0 2456307.23449 1.0 9.0 0.0
-0.426897095733 6742092.70892 791030.633863 1.4 0.0 2456307.23594 1.0 9.0 0.0
-0.425711132459 6742802.25993 791077.219799 1.4 0.0 2456307.23738 1.0 9.0 0.0
-0.424525467315 6742957.75124 791115.27786 1.4 0.0 2456307.23883 1.0 9.0 0.0
-0.423339350585 6744047.56827 791200.775365 1.4 0.0 2456307.24028 1.0 9.0 0.0
-0.422153548019 6741209.723 790871.266288 1.4 0.0 2456307.24172 1.0 9.0 0.0
-0.420967588562 6740564.87918 790772.395526 1.4 0.0 2456307.24317 1.0 9.0 0.0
-0.419781935252 6741706.3114 790963.291117 1.4 0.0 2456307.24461 1.0 9.0 0.0
-0.418595837226 6741383.73795 790895.739652 1.4 0.0 2456307.24606 1.0 9.0 0.0
-0.41741003695 6740337.93293 790838.020726 1.4 0.0 2456307.24751 1.0 9.0 0.0
-0.416224086654 6740504.8558 790784.838856 1.4 0.0 2456307.24895 1.0 9.0 0.0
0.318950816244 6717841.99963 788093.208669 1.4 0.0 2456256.9112 0.0 4.0 0.0
0.320136860827 6735611.72964 790193.183962 1.4 0.0 2456256.91264 0.0 4.0 0.0
0.321322755008 6743594.65792 791101.503063 1.4 0.0 2456256.91409 0.0 4.0 0.0
0.322508795011 6750521.22503 791890.2613 1.4 0.0 2456256.91554 0.0 4.0 0.0
0.323694680794 6751970.64315 792053.381567 1.4 0.0 2456256.91698 0.0 4.0 0.0
0.324880720415 6755616.54049 792464.522408 1.4 0.0 2456256.91843 0.0 4.0 0.0
0.326066601236 6754430.03944 792266.548768 1.4 0.0 2456256.91988 0.0 4.0 0.0
0.327252632077 6757160.34937 792585.275433 1.4 0.0 2456256.92132 0.0 4.0 0.0
0.328438512897 6758401.83346 792749.090009 1.4 0.0 2456256.92277 0.0 4.0 0.0
0.329624539158 6759563.46284 792846.474417 1.4 0.0 2456256.92422 0.0 4.0 0.0
0.330810411581 6759592.20061 792868.045356 1.4 0.0 2456256.92566 0.0 4.0 0.0
0.331996438986 6761094.44428 793014.209606 1.4 0.0 2456256.92711 0.0 4.0 0.0
0.333182308355 6760514.88479 792964.580142 1.4 0.0 2456256.92856 0.0 4.0 0.0
0.334368328507 6760263.41561 792963.20982 1.4 0.0 2456256.93 0.0 4.0 0.0
0.335554200167 6760119.06511 792910.565221 1.4 0.0 2456256.93145 0.0 4.0 0.0
0.336740222991 6759887.16407 792901.521485 1.4 0.0 2456256.9329 0.0 4.0 0.0
0.337926085489 6760011.82192 792940.551363 1.4 0.0 2456256.93434 0.0 4.0 0.0
0.339112108314 6757730.71426 792635.675045 1.4 0.0 2456256.93579 0.0 4.0 0.0
0.34029797921 6756099.22923 792493.044689 1.4 0.0 2456256.93724 0.0 4.0 0.0
0.364766831063 6733904.90979 789836.400102 1.4 0.0 2456256.96709 0.0 4.0 0.0
0.365952731734 6743780.02204 791003.989481 1.4 0.0 2456256.96853 0.0 4.0 0.0
0.367138787769 6745269.09251 791189.872238 1.4 0.0 2456256.96998 0.0 4.0 0.0
0.368324692257 6747727.66246 791495.75523 1.4 0.0 2456256.97143 0.0 4.0 0.0
0.369510739131 6750676.42509 791809.261636 1.4 0.0 2456256.97287 0.0 4.0 0.0
0.370696640947 6750194.26376 791735.984915 1.4 0.0 2456256.97432 0.0 4.0 0.0
0.371882693165 6752470.55613 792037.912329 1.4 0.0 2456256.97577 0.0 4.0 0.0
0.37306858391 6753621.31727 792167.35744 1.4 0.0 2456256.97721 0.0 4.0 0.0
0.374254632311 6753399.27582 792160.183124 1.4 0.0 2456256.97866 0.0 4.0 0.0
0.375440527638 6753839.26885 792216.765487 1.4 0.0 2456256.98011 0.0 4.0 0.0
0.378998494571 6751268.35852 791899.785769 1.4 0.0 2456256.98445 0.0 4.0 0.0
0.380184372338 6750492.9705 791803.250012 1.4 0.0 2456256.98589 0.0 4.0 0.0
0.381370407378 6751897.03191 791966.200702 1.4 0.0 2456256.98734 0.0 4.0 0.0
0.382556288962 6749199.15148 791626.892987 1.4 0.0 2456256.98879 0.0 4.0 0.0
0.383742311787 6749065.83838 791589.169603 1.4 0.0 2456256.99023 0.0 4.0 0.0
0.384928189172 6745127.28108 791110.537866 1.4 0.0 2456256.99168 0.0 4.0 0.0
0.386114216578 6745720.81241 791228.495203 1.4 0.0 2456256.99313 0.0 4.0 0.0
0.387300082511 6747780.30471 791482.078783 1.4 0.0 2456256.99457 0.0 4.0 0.0
0.388486106863 6745894.71352 791301.744953 1.4 0.0 2456256.99602 0.0 4.0 0.0
0.389671978904 6745532.07421 791253.631482 1.4 0.0 2456256.99747 0.0 4.0 0.0
0.390857997529 6744673.22901 791143.361518 1.4 0.0 2456256.99891 0.0 4.0 0.0
0.392043864226 6746684.85095 791366.999649 1.4 0.0 2456257.00036 0.0 4.0 0.0
0.393229886669 6745376.84334 791212.444532 1.4 0.0 2456257.00181 0.0 4.0 0.0
0.394415753366 6747531.65175 791472.50946 1.4 0.0 2456257.00325 0.0 4.0 0.0
0.395601772755 6747812.74519 791556.874929 1.4 0.0 2456257.0047 0.0 4.0 0.0
0.419264110474 6741789.98161 790689.145922 1.4 0.0 2456257.03357 0.0 4.0 0.0
0.420450006946 6748110.7091 791490.311542 1.4 0.0 2456257.03501 0.0 4.0 0.0
0.422821967088 6750226.71463 791762.586154 1.4 0.0 2456257.03791 0.0 4.0 0.0
0.424008017779 6751407.85415 791927.099091 1.4 0.0 2456257.03935 0.0 4.0 0.0
0.426379967232 6751705.03627 791923.464203 1.4 0.0 2456257.04225 0.0 4.0 0.0
0.427565862177 6752102.56977 791978.245803 1.4 0.0 2456257.04369 0.0 4.0 0.0
0.42875190676 6750988.74502 791843.78685 1.4 0.0 2456257.04514 0.0 4.0 0.0
0.429937801323 6750241.11274 791781.405074 1.4 0.0 2456257.04659 0.0 4.0 0.0
0.431123841325 6751904.25254 791928.89823 1.4 0.0 2456257.04803 0.0 4.0 0.0
0.432309728254 6748918.59853 791601.529838 1.4 0.0 2456257.04948 0.0 4.0 0.0
0.433495767875 6749763.66692 791755.957709 1.4 0.0 2456257.05093 0.0 4.0 0.0
0.434681649841 6746905.27991 791377.723186 1.4 0.0 2456257.05237 0.0 4.0 0.0
0.435867680682 6746687.27148 791379.436534 1.4 0.0 2456257.05382 0.0 4.0 0.0
0.437053562266 6746823.53528 791337.820876 1.4 0.0 2456257.05527 0.0 4.0 0.0
0.438239588908 6746835.3133 791361.894714 1.4 0.0 2456257.05671 0.0 4.0 0.0
0.439425462476 6745905.04592 791272.497631 1.4 0.0 2456257.05816 0.0 4.0 0.0
0.4406114895 6747776.68808 791489.546902 1.4 0.0 2456257.05961 0.0 4.0 0.0
0.441797359632 6747594.59187 791445.921472 1.4 0.0 2456257.06105 0.0 4.0 0.0
0.442983379785 6746691.25947 791369.641753 1.4 0.0 2456257.0625 0.0 4.0 0.0
0.444169251826 6745309.72472 791198.234758 1.4 0.0 2456257.06395 0.0 4.0 0.0
0.44535527465 6746481.42663 791315.370778 1.4 0.0 2456257.06539 0.0 4.0 0.0
0.446541137148 6746471.47642 791326.890729 1.4 0.0 2456257.06684 0.0 4.0 0.0
0.447727159591 6747685.88462 791484.111562 1.4 0.0 2456257.06829 0.0 4.0 0.0
0.448913030487 6747725.65423 791463.149484 1.4 0.0 2456257.06973 0.0 4.0 0.0
0.473751817625 6726571.70456 788840.715604 1.4 0.0 2456257.10003 0.0 4.0 0.0
0.474937865644 6734445.03726 789924.658952 1.4 0.0 2456257.10148 0.0 4.0 0.0
0.477309825403 6734594.84612 789943.050683 1.4 0.0 2456257.10437 0.0 4.0 0.0
0.478495719967 6737025.38119 790247.262047 1.4 0.0 2456257.10582 0.0 4.0 0.0
0.47968177333 6736876.09122 790271.370998 1.4 0.0 2456257.10727 0.0 4.0 0.0
0.480867673619 6735533.03793 790086.454561 1.4 0.0 2456257.10871 0.0 4.0 0.0
0.482053719729 6737988.50649 790341.179242 1.4 0.0 2456257.11016 0.0 4.0 0.0
0.483239612383 6737577.85275 790279.802177 1.4 0.0 2456257.11161 0.0 4.0 0.0
0.484425658875 6736616.68509 790140.933128 1.4 0.0 2456257.11305 0.0 4.0 0.0
0.485611547331 6737584.52396 790257.594406 1.4 0.0 2456257.1145 0.0 4.0 0.0
0.486797585424 6740516.7171 790642.148852 1.4 0.0 2456257.11595 0.0 4.0 0.0
0.487983473498 6739966.07685 790602.458184 1.4 0.0 2456257.11739 0.0 4.0 0.0
0.489169507011 6741098.15471 790694.6897 1.4 0.0 2456257.11884 0.0 4.0 0.0
0.490355385924 6744042.46876 791032.294455 1.4 0.0 2456257.12029 0.0 4.0 0.0
0.491541419437 6746069.74094 791304.756046 1.4 0.0 2456257.12173 0.0 4.0 0.0
0.49272729415 6744982.907 791158.869021 1.4 0.0 2456257.12318 0.0 4.0 0.0
0.493913319265 6747040.77319 791407.915042 1.4 0.0 2456257.12463 0.0 4.0 0.0
0.495099194741 6746391.77721 791301.73318 1.4 0.0 2456257.12607 0.0 4.0 0.0
0.496285216421 6745807.92269 791255.763937 1.4 0.0 2456257.12752 0.0 4.0 0.0
0.497471085027 6747458.77192 791450.485607 1.4 0.0 2456257.12897 0.0 4.0 0.0
0.499842975693 6748673.63287 791621.901088 1.4 0.0 2456257.13186 0.0 4.0 0.0
-0.496599113106 6745617.24566 791204.72924 1.4 0.0 2456257.1362 0.0 4.0 0.0
-0.471750918233 6728105.54678 789134.796247 1.4 0.0 2456257.16651 0.0 4.0 0.0
-0.468192911218 6743849.86519 791010.595686 1.4 0.0 2456257.17085 0.0 4.0 0.0
-0.467007012455 6743778.0518 791015.760423 1.4 0.0 2456257.1723 0.0 4.0 0.0
-0.465820963673 6745974.34851 791284.720784 1.4 0.0 2456257.17375 0.0 4.0 0.0
-0.464635063766 6747062.93145 791393.232531 1.4 0.0 2456257.17519 0.0 4.0 0.0
-0.463449013457 6749998.52484 791683.504171 1.4 0.0 2456257.17664 0.0 4.0 0.0
-0.46226312462 6751434.6261 791896.024677 1.4 0.0 2456257.17809 0.0 4.0 0.0
-0.46107707851 6750838.07988 791834.061633 1.4 0.0 2456257.17953 0.0 4.0 0.0
-0.459891186237 6751860.44694 791934.412809 1.4 0.0 2456257.18098 0.0 4.0 0.0
-0.458705152342 6756038.60167 792428.408051 1.4 0.0 2456257.18243 0.0 4.0 0.0
-0.45751926465 6755292.18313 792390.603253 1.4 0.0 2456257.18387 0.0 4.0 0.0
-0.456333226938 6754532.95956 792254.846641 1.4 0.0 2456257.18532 0.0 4.0 0.0
-0.455147351843 6755608.23616 792336.677578 1.4 0.0 2456257.18677 0.0 4.0 0.0
-0.453961319093 6755992.2251 792420.394598 1.4 0.0 2456257.18821 0.0 4.0 0.0
-0.452775439799 6755710.36257 792381.27808 1.4 0.0 2456257.18966 0.0 4.0 0.0
-0.451589419265 6754095.06573 792184.741622 1.4 0.0 2456257.19111 0.0 4.0 0.0
-0.450403543789 6753565.86363 792178.278156 1.4 0.0 2456257.19255 0.0 4.0 0.0
