#time 		photoelectrons 	error 		visit 	orbit 	scan 	wave_center 	wave_start 	wave_end
0.345126933741 7579427.35233 711427.319686 1.225 0.0 2456306.95783 1.0 9.0 0.0
0.34631307681 7625213.88186 716019.20524 1.225 0.0 2456306.95928 1.0 9.0 0.0
0.347498911442 7642470.16284 717626.038064 1.225 0.0 2456306.96073 1.0 9.0 0.0
0.348684744547 7652332.11226 718549.469021 1.225 0.0 2456306.96217 1.0 9.0 0.0
0.34987057956 7658313.54684 719054.448739 1.225 0.0 2456306.96362 1.0 9.0 0.0
0.35105671156 7664797.36635 719733.277758 1.225 0.0 2456306.96507 1.0 9.0 0.0
0.352242537411 7669963.95464 720273.423097 1.225 0.0 2456306.96651 1.0 9.0 0.0
0.353428365554 7671793.47608 720405.537199 1.225 0.0 2456306.96796 1.0 9.0 0.0
0.354614185679 7672412.98613 720335.245258 1.225 0.0 2456306.96941 1.0 9.0 0.0
0.355800306609 7676248.48809 720799.877948 1.225 0.0 2456306.97085 1.0 9.0 0.0
0.356986124826 7675728.87549 720746.598793 1.225 0.0 2456306.9723 1.0 9.0 0.0
0.358171936172 7676806.02014 720945.919895 1.225 0.0 2456306.97375 1.0 9.0 0.0
0.359357744464 7677127.26432 720900.991582 1.225 0.0 2456306.97519 1.0 9.0 0.0
0.360543856995 7674002.32698 720496.119777 1.225 0.0 2456306.97664 1.0 9.0 0.0
0.36172965918 7677457.96898 721015.162033 1.225 0.0 2456306.97809 1.0 9.0 0.0
0.362915459074 7674166.7841 720614.495684 1.225 0.0 2456306.97953 1.0 9.0 0.0
0.364101260495 7673710.44455 720546.420081 1.225 0.0 2456306.98098 1.0 9.0 0.0
0.365287363483 7672491.15098 720424.610527 1.225 0.0 2456306.98243 1.0 9.0 0.0
0.366473152689 7669600.6787 720093.781596 1.225 0.0 2456306.98387 1.0 9.0 0.0
0.367658949147 7671405.10435 720456.413794 1.225 0.0 2456306.98532 1.0 9.0 0.0
0.368844745224 7671353.80941 720357.271508 1.225 0.0 2456306.98677 1.0 9.0 0.0
0.370030835233 7670218.70822 720160.05003 1.225 0.0 2456306.98821 1.0 9.0 0.0
0.371216630547 7672238.09588 720510.376869 1.225 0.0 2456306.98966 1.0 9.0 0.0
0.37240242586 7670562.96637 720247.29406 1.225 0.0 2456306.99111 1.0 9.0 0.0
0.397837392006 7665263.75705 719458.04365 1.225 0.0 2456307.02213 1.0 9.0 0.0
0.399023527822 7676611.31902 720776.934189 1.225 0.0 2456307.02358 1.0 9.0 0.0
0.400209367798 7679847.55688 721144.812455 1.225 0.0 2456307.02503 1.0 9.0 0.0
0.401395206629 7682820.67478 721404.037169 1.225 0.0 2456307.02647 1.0 9.0 0.0
0.402581036298 7683588.88504 721501.701917 1.225 0.0 2456307.02792 1.0 9.0 0.0
0.403767175932 7683234.98558 721349.221284 1.225 0.0 2456307.02937 1.0 9.0 0.0
0.40613883298 7686313.88392 721795.66033 1.225 0.0 2456307.03226 1.0 9.0 0.0
0.407324661885 7684017.08365 721478.86466 1.225 0.0 2456307.03371 1.0 9.0 0.0
0.409696605613 7684928.29859 721625.80943 1.225 0.0 2456307.0366 1.0 9.0 0.0
0.410882425357 7683205.69216 721395.660472 1.225 0.0 2456307.03805 1.0 9.0 0.0
0.412068242811 7680819.03581 721108.928284 1.225 0.0 2456307.03949 1.0 9.0 0.0
0.413254355342 7682948.04323 721441.182808 1.225 0.0 2456307.04094 1.0 9.0 0.0
0.414440162107 7681683.57652 721269.024843 1.225 0.0 2456307.04239 1.0 9.0 0.0
0.415625969636 7680668.88655 721271.194717 1.225 0.0 2456307.04383 1.0 9.0 0.0
0.416811770675 7678575.78801 720958.156511 1.225 0.0 2456307.04528 1.0 9.0 0.0
0.417997872518 7679879.58426 721129.445268 1.225 0.0 2456307.04673 1.0 9.0 0.0
0.419183673176 7681005.3265 721296.351664 1.225 0.0 2456307.04817 1.0 9.0 0.0
0.420369467344 7679245.6127 721091.342469 1.225 0.0 2456307.04962 1.0 9.0 0.0
0.452303218394 7661228.72613 719050.884274 1.225 0.0 2456307.08858 1.0 9.0 0.0
0.453489058752 7673030.18439 720453.75684 1.225 0.0 2456307.09002 1.0 9.0 0.0
0.454674899109 7672394.44885 720504.68779 1.225 0.0 2456307.09147 1.0 9.0 0.0
0.455860729923 7673475.78541 720532.018667 1.225 0.0 2456307.09291 1.0 9.0 0.0
0.457046870702 7670807.18719 720291.666625 1.225 0.0 2456307.09436 1.0 9.0 0.0
0.458232706479 7667400.53211 719939.109337 1.225 0.0 2456307.09581 1.0 9.0 0.0
0.459418532331 7668280.13909 720153.031174 1.225 0.0 2456307.09726 1.0 9.0 0.0
0.460604363527 7663955.3253 719694.455713 1.225 0.0 2456307.0987 1.0 9.0 0.0
0.461790495908 7663218.43961 719585.649685 1.225 0.0 2456307.10015 1.0 9.0 0.0
0.462976313362 7662874.15689 719531.302455 1.225 0.0 2456307.1016 1.0 9.0 0.0
0.464162136542 7661768.28205 719462.290837 1.225 0.0 2456307.10304 1.0 9.0 0.0
0.465347956286 7664380.06118 719739.132877 1.225 0.0 2456307.10449 1.0 9.0 0.0
0.466534072253 7665848.23626 719887.717565 1.225 0.0 2456307.10594 1.0 9.0 0.0
0.46771988169 7667148.53879 719974.850856 1.225 0.0 2456307.10738 1.0 9.0 0.0
0.468905692273 7668076.86523 720098.992339 1.225 0.0 2456307.10883 1.0 9.0 0.0
0.470091496366 7668400.31698 720061.923185 1.225 0.0 2456307.11027 1.0 9.0 0.0
0.471277600499 7668844.01433 720118.048705 1.225 0.0 2456307.11172 1.0 9.0 0.0
0.472463403065 7669777.04538 720315.982294 1.225 0.0 2456307.11317 1.0 9.0 0.0
0.473649199524 7670790.95501 720277.182652 1.225 0.0 2456307.11461 1.0 9.0 0.0
0.474834994074 7670834.47384 720245.470836 1.225 0.0 2456307.11606 1.0 9.0 0.0
0.476021094771 7672347.09997 720501.382607 1.225 0.0 2456307.11751 1.0 9.0 0.0
0.477206886649 7671327.59637 720308.033259 1.225 0.0 2456307.11895 1.0 9.0 0.0
0.478392829692 7676602.17622 720923.323301 1.225 0.0 2456307.1204 1.0 9.0 0.0
0.479578473077 7673031.48977 720536.654659 1.225 0.0 2456307.12185 1.0 9.0 0.0
0.480764567667 7672810.32848 720623.050058 1.225 0.0 2456307.12329 1.0 9.0 0.0
-0.49322169025 7648762.45308 717816.610112 1.225 0.0 2456307.15503 1.0 9.0 0.0
-0.492036001439 7661472.77839 719321.419678 1.225 0.0 2456307.15647 1.0 9.0 0.0
-0.490849862568 7667053.14823 720005.5552 1.225 0.0 2456307.15792 1.0 9.0 0.0
-0.489664027937 7665381.56057 719785.940847 1.225 0.0 2456307.15937 1.0 9.0 0.0
-0.488478038704 7668243.46979 720076.261772 1.225 0.0 2456307.16081 1.0 9.0 0.0
-0.487292358674 7669204.19414 720120.597973 1.225 0.0 2456307.16226 1.0 9.0 0.0
-0.486106225529 7670848.34453 720269.370797 1.225 0.0 2456307.16371 1.0 9.0 0.0
-0.484920394333 7673320.85027 720643.162488 1.225 0.0 2456307.16515 1.0 9.0 0.0
-0.483734418079 7674200.07383 720533.477002 1.225 0.0 2456307.1666 1.0 9.0 0.0
-0.482548747973 7677261.49869 720919.149801 1.225 0.0 2456307.16805 1.0 9.0 0.0
-0.4813626217 7677600.92695 721025.889759 1.225 0.0 2456307.16949 1.0 9.0 0.0
-0.480176801956 7678551.0539 720995.565583 1.225 0.0 2456307.17094 1.0 9.0 0.0
-0.478990841735 7678900.85192 721023.931626 1.225 0.0 2456307.17239 1.0 9.0 0.0
-0.476619065969 7677446.57115 720844.298828 1.225 0.0 2456307.17528 1.0 9.0 0.0
-0.474247309671 7678372.92396 721000.462901 1.225 0.0 2456307.17817 1.0 9.0 0.0
-0.470689764168 7674648.77741 720662.166207 1.225 0.0 2456307.18251 1.0 9.0 0.0
-0.468318179267 7671270.62235 720462.913542 1.225 0.0 2456307.18541 1.0 9.0 0.0
-0.46713208086 7668122.79574 720128.415878 1.225 0.0 2456307.18685 1.0 9.0 0.0
-0.465946285165 7667471.91749 719950.848362 1.225 0.0 2456307.1883 1.0 9.0 0.0
-0.464760346321 7666190.81908 719878.996097 1.225 0.0 2456307.18975 1.0 9.0 0.0
-0.438756315066 7648765.05226 717856.818034 1.225 0.0 2456307.22147 1.0 9.0 0.0
-0.437570175432 7658936.98467 719069.521934 1.225 0.0 2456307.22292 1.0 9.0 0.0
-0.436384340037 7665380.62667 719827.511296 1.225 0.0 2456307.22436 1.0 9.0 0.0
-0.43519834966 7666991.57287 720013.821857 1.225 0.0 2456307.22581 1.0 9.0 0.0
-0.43401266772 7667762.07973 720055.288604 1.225 0.0 2456307.22726 1.0 9.0 0.0
-0.432826533049 7667320.48033 719939.620777 1.225 0.0 2456307.2287 1.0 9.0 0.0
-0.431640699562 7670305.38104 720349.368968 1.225 0.0 2456307.23015 1.0 9.0 0.0
-0.430454720637 7669429.85822 720095.177243 1.225 0.0 2456307.2316 1.0 9.0 0.0
-0.429269047859 7672202.51242 720458.854632 1.225 0.0 2456307.23304 1.0 9.0 0.0
-0.428082918531 7674430.95082 720647.357972 1.225 0.0 2456307.23449 1.0 9.0 0.0
-0.426897095733 7673903.16218 720642.821878 1.225 0.0 2456307.23594 1.0 9.0 0.0
-0.425711132459 7675263.45972 720740.107158 1.225 0.0 2456307.23738 1.0 9.0 0.0
-0.424525467315 7674713.22487 720685.242001 1.225 0.0 2456307.23883 1.0 9.0 0.0
-0.423339350585 7674268.22909 720552.446039 1.225 0.0 2456307.24028 1.0 9.0 0.0
-0.422153548019 7673287.70758 720497.058524 1.225 0.0 2456307.24172 1.0 9.0 0.0
-0.420967588562 7672757.96948 720519.904648 1.225 0.0 2456307.24317 1.0 9.0 0.0
-0.419781935252 7672552.56045 720502.714466 1.225 0.0 2456307.24461 1.0 9.0 0.0
-0.418595837226 7671024.23262 720243.701646 1.225 0.0 2456307.24606 1.0 9.0 0.0
-0.41741003695 7672007.84388 720489.529647 1.225 0.0 2456307.24751 1.0 9.0 0.0
-0.416224086654 7672458.11561 720475.174067 1.225 0.0 2456307.24895 1.0 9.0 0.0
0.318950816244 7636146.50962 716945.877454 1.225 0.0 2456256.9112 0.0 4.0 0.0
0.320136860827 7656153.8683 718889.509954 1.225 0.0 2456256.91264 0.0 4.0 0.0
0.321322755008 7667560.42985 719953.466001 1.225 0.0 2456256.91409 0.0 4.0 0.0
0.322508795011 7672805.73752 720484.243318 1.225 0.0 2456256.91554 0.0 4.0 0.0
0.323694680794 7677366.0466 720935.312304 1.225 0.0 2456256.91698 0.0 4.0 0.0
0.324880720415 7679907.49387 721169.700182 1.225 0.0 2456256.91843 0.0 4.0 0.0
0.326066601236 7681386.17247 721112.69488 1.225 0.0 2456256.91988 0.0 4.0 0.0
0.327252632077 7680561.07714 721036.73117 1.225 0.0 2456256.92132 0.0 4.0 0.0
0.328438512897 7682699.12775 721349.566055 1.225 0.0 2456256.92277 0.0 4.0 0.0
0.329624539158 7684395.69441 721373.702747 1.225 0.0 2456256.92422 0.0 4.0 0.0
0.330810411581 7685597.37731 721535.467399 1.225 0.0 2456256.92566 0.0 4.0 0.0
0.331996438986 7686722.17795 721686.635448 1.225 0.0 2456256.92711 0.0 4.0 0.0
0.333182308355 7686729.80045 721701.019891 1.225 0.0 2456256.92856 0.0 4.0 0.0
0.334368328507 7685340.71356 721540.069135 1.225 0.0 2456256.93 0.0 4.0 0.0
0.335554200167 7687290.50941 721746.426762 1.225 0.0 2456256.93145 0.0 4.0 0.0
0.336740222991 7684989.09331 721421.49741 1.225 0.0 2456256.9329 0.0 4.0 0.0
0.337926085489 7688140.18378 721885.48519 1.225 0.0 2456256.93434 0.0 4.0 0.0
0.339112108314 7684212.91716 721387.067629 1.225 0.0 2456256.93579 0.0 4.0 0.0
0.34029797921 7683814.09975 721413.647412 1.225 0.0 2456256.93724 0.0 4.0 0.0
0.364766831063 7651726.17942 718095.531504 1.225 0.0 2456256.96709 0.0 4.0 0.0
0.365952731734 7667395.97892 719843.558645 1.225 0.0 2456256.96853 0.0 4.0 0.0
0.367138787769 7669205.99401 719957.201955 1.225 0.0 2456256.96998 0.0 4.0 0.0
0.368324692257 7672139.83593 720256.581589 1.225 0.0 2456256.97143 0.0 4.0 0.0
0.369510739131 7675639.10926 720658.910442 1.225 0.0 2456256.97287 0.0 4.0 0.0
0.370696640947 7673038.9566 720221.511551 1.225 0.0 2456256.97432 0.0 4.0 0.0
0.371882693165 7678503.39603 720903.817822 1.225 0.0 2456256.97577 0.0 4.0 0.0
0.37306858391 7678593.26901 720859.841569 1.225 0.0 2456256.97721 0.0 4.0 0.0
0.374254632311 7677393.66142 720713.976875 1.225 0.0 2456256.97866 0.0 4.0 0.0
0.375440527638 7679002.93917 720925.796433 1.225 0.0 2456256.98011 0.0 4.0 0.0
0.378998494571 7677685.80739 720764.862346 1.225 0.0 2456256.98445 0.0 4.0 0.0
0.380184372338 7677851.48354 720840.423728 1.225 0.0 2456256.98589 0.0 4.0 0.0
0.381370407378 7677476.94545 720916.098433 1.225 0.0 2456256.98734 0.0 4.0 0.0
0.382556288962 7676972.45977 720764.841421 1.225 0.0 2456256.98879 0.0 4.0 0.0
0.383742311787 7674851.88548 720606.336123 1.225 0.0 2456256.99023 0.0 4.0 0.0
0.384928189172 7674761.28487 720473.796513 1.225 0.0 2456256.99168 0.0 4.0 0.0
0.386114216578 7673987.57323 720548.968132 1.225 0.0 2456256.99313 0.0 4.0 0.0
0.387300082511 7670971.88834 720246.157266 1.225 0.0 2456256.99457 0.0 4.0 0.0
0.388486106863 7672530.519 720421.483341 1.225 0.0 2456256.99602 0.0 4.0 0.0
0.389671978904 7670787.92317 720124.126725 1.225 0.0 2456256.99747 0.0 4.0 0.0
0.390857997529 7671500.79945 720265.059819 1.225 0.0 2456256.99891 0.0 4.0 0.0
0.392043864226 7672889.15812 720511.953312 1.225 0.0 2456257.00036 0.0 4.0 0.0
0.393229886669 7672916.84827 720337.907753 1.225 0.0 2456257.00181 0.0 4.0 0.0
0.394415753366 7673286.1923 720369.454684 1.225 0.0 2456257.00325 0.0 4.0 0.0
0.395601772755 7677574.17945 720947.206242 1.225 0.0 2456257.0047 0.0 4.0 0.0
0.419264110474 7664877.31803 719238.277967 1.225 0.0 2456257.03357 0.0 4.0 0.0
0.420450006946 7675318.39327 720512.030739 1.225 0.0 2456257.03501 0.0 4.0 0.0
0.422821967088 7679940.27786 720980.496681 1.225 0.0 2456257.03791 0.0 4.0 0.0
0.424008017779 7680117.92351 721097.577766 1.225 0.0 2456257.03935 0.0 4.0 0.0
0.426379967232 7682161.60292 721225.682834 1.225 0.0 2456257.04225 0.0 4.0 0.0
0.427565862177 7681082.51589 721151.489356 1.225 0.0 2456257.04369 0.0 4.0 0.0
0.42875190676 7680031.0753 721029.897565 1.225 0.0 2456257.04514 0.0 4.0 0.0
0.429937801323 7680047.59488 721073.142295 1.225 0.0 2456257.04659 0.0 4.0 0.0
0.431123841325 7679680.69863 721120.323315 1.225 0.0 2456257.04803 0.0 4.0 0.0
0.432309728254 7676624.19851 720566.596091 1.225 0.0 2456257.04948 0.0 4.0 0.0
0.433495767875 7678665.88409 720931.872934 1.225 0.0 2456257.05093 0.0 4.0 0.0
0.434681649841 7678571.26869 720956.192911 1.225 0.0 2456257.05237 0.0 4.0 0.0
0.435867680682 7677258.69081 720873.524484 1.225 0.0 2456257.05382 0.0 4.0 0.0
0.437053562266 7676302.7237 720704.6724 1.225 0.0 2456257.05527 0.0 4.0 0.0
0.438239588908 7674638.60657 720576.164868 1.225 0.0 2456257.05671 0.0 4.0 0.0
0.439425462476 7674253.67623 720527.705218 1.225 0.0 2456257.05816 0.0 4.0 0.0
0.4406114895 7676961.78309 720861.166239 1.225 0.0 2456257.05961 0.0 4.0 0.0
0.441797359632 7674810.20638 720533.976311 1.225 0.0 2456257.06105 0.0 4.0 0.0
0.442983379785 7675711.19497 720665.309212 1.225 0.0 2456257.0625 0.0 4.0 0.0
0.444169251826 7675722.85484 720755.955141 1.225 0.0 2456257.06395 0.0 4.0 0.0
0.44535527465 7672704.19024 720198.357311 1.225 0.0 2456257.06539 0.0 4.0 0.0
0.446541137148 7673862.62594 720378.634757 1.225 0.0 2456257.06684 0.0 4.0 0.0
0.447727159591 7676377.8411 720632.028857 1.225 0.0 2456257.06829 0.0 4.0 0.0
0.448913030487 7676357.52512 720577.244865 1.225 0.0 2456257.06973 0.0 4.0 0.0
0.473751817625 7654893.65341 718331.436619 1.225 0.0 2456257.10003 0.0 4.0 0.0
0.474937865644 7664502.15542 719444.80006 1.225 0.0 2456257.10148 0.0 4.0 0.0
0.477309825403 7665506.36773 719668.335788 1.225 0.0 2456257.10437 0.0 4.0 0.0
0.478495719967 7666131.33628 719772.445355 1.225 0.0 2456257.10582 0.0 4.0 0.0
0.47968177333 7664135.99712 719496.81554 1.225 0.0 2456257.10727 0.0 4.0 0.0
0.480867673619 7664775.60156 719632.923915 1.225 0.0 2456257.10871 0.0 4.0 0.0
0.482053719729 7667678.81592 719838.066663 1.225 0.0 2456257.11016 0.0 4.0 0.0
0.483239612383 7667563.45683 719849.663741 1.225 0.0 2456257.11161 0.0 4.0 0.0
0.484425658875 7665759.81353 719643.325043 1.225 0.0 2456257.11305 0.0 4.0 0.0
0.485611547331 7671111.48234 720221.626993 1.225 0.0 2456257.1145 0.0 4.0 0.0
0.486797585424 7673138.52706 720494.764669 1.225 0.0 2456257.11595 0.0 4.0 0.0
0.487983473498 7672620.00347 720325.61878 1.225 0.0 2456257.11739 0.0 4.0 0.0
0.489169507011 7673378.36812 720303.736839 1.225 0.0 2456257.11884 0.0 4.0 0.0
0.490355385924 7676551.75978 720673.055572 1.225 0.0 2456257.12029 0.0 4.0 0.0
0.491541419437 7678972.82293 720934.619662 1.225 0.0 2456257.12173 0.0 4.0 0.0
0.49272729415 7679483.26769 720944.769249 1.225 0.0 2456257.12318 0.0 4.0 0.0
0.493913319265 7681684.54802 721198.602857 1.225 0.0 2456257.12463 0.0 4.0 0.0
0.495099194741 7680289.88173 720996.87837 1.225 0.0 2456257.12607 0.0 4.0 0.0
0.496285216421 7681722.45817 721098.181846 1.225 0.0 2456257.12752 0.0 4.0 0.0
0.497471085027 7682431.7838 721230.056233 1.225 0.0 2456257.12897 0.0 4.0 0.0
0.499842975693 7682148.71818 721300.168874 1.225 0.0 2456257.13186 0.0 4.0 0.0
-0.496599113106 7678994.84844 720927.463343 1.225 0.0 2456257.1362 0.0 4.0 0.0
-0.471750918233 7656086.83762 718482.385279 1.225 0.0 2456257.16651 0.0 4.0 0.0
-0.468192911218 7675440.80903 720585.313509 1.225 0.0 2456257.17085 0.0 4.0 0.0
-0.467007012455 7677866.54028 720713.979091 1.225 0.0 2456257.1723 0.0 4.0 0.0
-0.465820963673 7680125.67992 721120.405245 1.225 0.0 2456257.17375 0.0 4.0 0.0
-0.464635063766 7682081.07275 721197.812684 1.225 0.0 2456257.17519 0.0 4.0 0.0
-0.463449013457 7685095.35873 721504.982304 1.225 0.0 2456257.17664 0.0 4.0 0.0
-0.46226312462 7686457.75301 721659.154257 1.225 0.0 2456257.17809 0.0 4.0 0.0
-0.46107707851 7688406.43766 721872.32374 1.225 0.0 2456257.17953 0.0 4.0 0.0
-0.459891186237 7687328.14885 721708.497651 1.225 0.0 2456257.18098 0.0 4.0 0.0
-0.458705152342 7689142.27292 721933.78567 1.225 0.0 2456257.18243 0.0 4.0 0.0
-0.45751926465 7689647.1365 721942.980606 1.225 0.0 2456257.18387 0.0 4.0 0.0
-0.456333226938 7689438.98913 721866.100926 1.225 0.0 2456257.18532 0.0 4.0 0.0
-0.455147351843 7687788.92912 721685.741956 1.225 0.0 2456257.18677 0.0 4.0 0.0
-0.453961319093 7688199.96507 721747.708823 1.225 0.0 2456257.18821 0.0 4.0 0.0
-0.452775439799 7687057.07593 721609.112128 1.225 0.0 2456257.18966 0.0 4.0 0.0
-0.451589419265 7685424.07484 721427.259257 1.225 0.0 2456257.19111 0.0 4.0 0.0
-0.450403543789 7685743.63365 721588.924449 1.225 0.0 2456257.19255 0.0 4.0 0.0
