#time 		photoelectrons 	error 		visit 	orbit 	scan 	wave_center 	wave_start 	wave_end
0.345126933741 5608387.60762 591365.72881 1.51918181818 0.0 2456306.95783 1.0 9.0 0.0
0.34631307681 5635397.5185 594211.76462 1.51918181818 0.0 2456306.95928 1.0 9.0 0.0
0.347498911442 5646732.92842 595358.552614 1.51918181818 0.0 2456306.96073 1.0 9.0 0.0
0.348684744547 5654289.17392 596115.047557 1.51918181818 0.0 2456306.96217 1.0 9.0 0.0
0.34987057956 5660623.67326 596796.696321 1.51918181818 0.0 2456306.96362 1.0 9.0 0.0
0.35105671156 5662151.69686 596946.039686 1.51918181818 0.0 2456306.96507 1.0 9.0 0.0
0.352242537411 5666442.65244 597366.037793 1.51918181818 0.0 2456306.96651 1.0 9.0 0.0
0.353428365554 5667236.70103 597442.553275 1.51918181818 0.0 2456306.96796 1.0 9.0 0.0
0.354614185679 5668818.40418 597574.761 1.51918181818 0.0 2456306.96941 1.0 9.0 0.0
0.355800306609 5669142.15301 597660.475525 1.51918181818 0.0 2456306.97085 1.0 9.0 0.0
0.356986124826 5670363.61442 597748.608905 1.51918181818 0.0 2456306.9723 1.0 9.0 0.0
0.358171936172 5670180.83332 597782.574844 1.51918181818 0.0 2456306.97375 1.0 9.0 0.0
0.359357744464 5669137.13923 597624.413798 1.51918181818 0.0 2456306.97519 1.0 9.0 0.0
0.360543856995 5670337.87726 597745.821241 1.51918181818 0.0 2456306.97664 1.0 9.0 0.0
0.36172965918 5669698.45258 597687.725119 1.51918181818 0.0 2456306.97809 1.0 9.0 0.0
0.362915459074 5666627.0092 597391.051702 1.51918181818 0.0 2456306.97953 1.0 9.0 0.0
0.364101260495 5665567.97318 597271.067798 1.51918181818 0.0 2456306.98098 1.0 9.0 0.0
0.365287363483 5665188.2191 597199.412475 1.51918181818 0.0 2456306.98243 1.0 9.0 0.0
0.366473152689 5663536.23981 597030.380369 1.51918181818 0.0 2456306.98387 1.0 9.0 0.0
0.367658949147 5664819.4128 597218.050784 1.51918181818 0.0 2456306.98532 1.0 9.0 0.0
0.368844745224 5662459.93336 596944.466179 1.51918181818 0.0 2456306.98677 1.0 9.0 0.0
0.370030835233 5662957.71399 596970.703458 1.51918181818 0.0 2456306.98821 1.0 9.0 0.0
0.371216630547 5664812.0163 597216.833427 1.51918181818 0.0 2456306.98966 1.0 9.0 0.0
0.37240242586 5664129.18688 597115.900515 1.51918181818 0.0 2456306.99111 1.0 9.0 0.0
0.397837392006 5661968.85245 596806.390013 1.51918181818 0.0 2456307.02213 1.0 9.0 0.0
0.399023527822 5665343.80004 597237.948156 1.51918181818 0.0 2456307.02358 1.0 9.0 0.0
0.400209367798 5667432.12102 597453.832338 1.51918181818 0.0 2456307.02503 1.0 9.0 0.0
0.401395206629 5670782.34092 597775.538705 1.51918181818 0.0 2456307.02647 1.0 9.0 0.0
0.402581036298 5671285.50998 597853.491294 1.51918181818 0.0 2456307.02792 1.0 9.0 0.0
0.403767175932 5670140.76925 597773.474166 1.51918181818 0.0 2456307.02937 1.0 9.0 0.0
0.40613883298 5671326.02199 597880.094588 1.51918181818 0.0 2456307.03226 1.0 9.0 0.0
0.407324661885 5672693.48704 598015.157945 1.51918181818 0.0 2456307.03371 1.0 9.0 0.0
0.409696605613 5671024.38801 597828.960873 1.51918181818 0.0 2456307.0366 1.0 9.0 0.0
0.410882425357 5672164.96897 597952.55868 1.51918181818 0.0 2456307.03805 1.0 9.0 0.0
0.412068242811 5669936.07993 597724.434728 1.51918181818 0.0 2456307.03949 1.0 9.0 0.0
0.413254355342 5670262.77011 597735.961225 1.51918181818 0.0 2456307.04094 1.0 9.0 0.0
0.414440162107 5669961.39182 597728.974619 1.51918181818 0.0 2456307.04239 1.0 9.0 0.0
0.415625969636 5669785.65934 597729.827362 1.51918181818 0.0 2456307.04383 1.0 9.0 0.0
0.416811770675 5670260.16676 597795.948842 1.51918181818 0.0 2456307.04528 1.0 9.0 0.0
0.417997872518 5668086.95295 597497.563563 1.51918181818 0.0 2456307.04673 1.0 9.0 0.0
0.419183673176 5668679.42546 597554.723133 1.51918181818 0.0 2456307.04817 1.0 9.0 0.0
0.420369467344 5667380.47504 597431.914253 1.51918181818 0.0 2456307.04962 1.0 9.0 0.0
0.452303218394 5658385.19869 596484.471001 1.51918181818 0.0 2456307.08858 1.0 9.0 0.0
0.453489058752 5661710.0009 596847.674627 1.51918181818 0.0 2456307.09002 1.0 9.0 0.0
0.454674899109 5661077.13632 596794.566965 1.51918181818 0.0 2456307.09147 1.0 9.0 0.0
0.455860729923 5660254.6155 596698.023799 1.51918181818 0.0 2456307.09291 1.0 9.0 0.0
0.457046870702 5659212.27709 596616.622345 1.51918181818 0.0 2456307.09436 1.0 9.0 0.0
0.458232706479 5658540.64312 596528.060777 1.51918181818 0.0 2456307.09581 1.0 9.0 0.0
0.459418532331 5657113.49833 596434.238891 1.51918181818 0.0 2456307.09726 1.0 9.0 0.0
0.460604363527 5654280.41067 596105.840954 1.51918181818 0.0 2456307.0987 1.0 9.0 0.0
0.461790495908 5654959.70116 596156.954896 1.51918181818 0.0 2456307.10015 1.0 9.0 0.0
0.462976313362 5654385.30538 596120.795308 1.51918181818 0.0 2456307.1016 1.0 9.0 0.0
0.464162136542 5652875.51276 595937.937851 1.51918181818 0.0 2456307.10304 1.0 9.0 0.0
0.465347956286 5655978.53512 596286.87748 1.51918181818 0.0 2456307.10449 1.0 9.0 0.0
0.466534072253 5654709.48212 596140.302938 1.51918181818 0.0 2456307.10594 1.0 9.0 0.0
0.46771988169 5657389.7698 596420.364885 1.51918181818 0.0 2456307.10738 1.0 9.0 0.0
0.468905692273 5657141.70419 596411.540508 1.51918181818 0.0 2456307.10883 1.0 9.0 0.0
0.470091496366 5657187.50972 596414.406637 1.51918181818 0.0 2456307.11027 1.0 9.0 0.0
0.471277600499 5657468.42309 596442.786474 1.51918181818 0.0 2456307.11172 1.0 9.0 0.0
0.472463403065 5658184.41555 596529.579808 1.51918181818 0.0 2456307.11317 1.0 9.0 0.0
0.473649199524 5658454.12 596507.066943 1.51918181818 0.0 2456307.11461 1.0 9.0 0.0
0.474834994074 5658400.67811 596535.925028 1.51918181818 0.0 2456307.11606 1.0 9.0 0.0
0.476021094771 5658936.19168 596556.790559 1.51918181818 0.0 2456307.11751 1.0 9.0 0.0
0.477206886649 5660723.26897 596772.135462 1.51918181818 0.0 2456307.11895 1.0 9.0 0.0
0.478392829692 5661125.57093 596857.042337 1.51918181818 0.0 2456307.1204 1.0 9.0 0.0
0.479578473077 5658136.82423 596494.373678 1.51918181818 0.0 2456307.12185 1.0 9.0 0.0
0.480764567667 5658906.11136 596572.762432 1.51918181818 0.0 2456307.12329 1.0 9.0 0.0
-0.49322169025 5646782.9065 595239.593302 1.51918181818 0.0 2456307.15503 1.0 9.0 0.0
-0.492036001439 5652944.65225 595889.712551 1.51918181818 0.0 2456307.15647 1.0 9.0 0.0
-0.490849862568 5655475.5881 596186.386195 1.51918181818 0.0 2456307.15792 1.0 9.0 0.0
-0.489664027937 5654624.85436 596117.015447 1.51918181818 0.0 2456307.15937 1.0 9.0 0.0
-0.488478038704 5657090.45233 596419.836718 1.51918181818 0.0 2456307.16081 1.0 9.0 0.0
-0.487292358674 5657593.76402 596441.702682 1.51918181818 0.0 2456307.16226 1.0 9.0 0.0
-0.486106225529 5659146.65841 596633.346521 1.51918181818 0.0 2456307.16371 1.0 9.0 0.0
-0.484920394333 5658497.9228 596559.658641 1.51918181818 0.0 2456307.16515 1.0 9.0 0.0
-0.483734418079 5659318.30823 596595.409354 1.51918181818 0.0 2456307.1666 1.0 9.0 0.0
-0.482548747973 5660043.41647 596712.191319 1.51918181818 0.0 2456307.16805 1.0 9.0 0.0
-0.4813626217 5663879.92511 597112.289072 1.51918181818 0.0 2456307.16949 1.0 9.0 0.0
-0.480176801956 5662415.94791 596900.357653 1.51918181818 0.0 2456307.17094 1.0 9.0 0.0
-0.478990841735 5662711.73997 596901.861854 1.51918181818 0.0 2456307.17239 1.0 9.0 0.0
-0.476619065969 5661939.80306 596859.274454 1.51918181818 0.0 2456307.17528 1.0 9.0 0.0
-0.474247309671 5663341.53594 596991.355645 1.51918181818 0.0 2456307.17817 1.0 9.0 0.0
-0.470689764168 5659615.04547 596631.364164 1.51918181818 0.0 2456307.18251 1.0 9.0 0.0
-0.468318179267 5660722.66432 596772.250493 1.51918181818 0.0 2456307.18541 1.0 9.0 0.0
-0.46713208086 5658143.02142 596521.425819 1.51918181818 0.0 2456307.18685 1.0 9.0 0.0
-0.465946285165 5656005.49772 596283.082359 1.51918181818 0.0 2456307.1883 1.0 9.0 0.0
-0.464760346321 5654532.37241 596107.486343 1.51918181818 0.0 2456307.18975 1.0 9.0 0.0
-0.438756315066 5646963.58246 595254.450173 1.51918181818 0.0 2456307.22147 1.0 9.0 0.0
-0.437570175432 5652902.96005 595935.162541 1.51918181818 0.0 2456307.22292 1.0 9.0 0.0
-0.436384340037 5656330.19096 596337.695887 1.51918181818 0.0 2456307.22436 1.0 9.0 0.0
-0.43519834966 5655959.3656 596276.239628 1.51918181818 0.0 2456307.22581 1.0 9.0 0.0
-0.43401266772 5656632.82133 596349.842428 1.51918181818 0.0 2456307.22726 1.0 9.0 0.0
-0.432826533049 5657475.50286 596456.910271 1.51918181818 0.0 2456307.2287 1.0 9.0 0.0
-0.431640699562 5659158.47531 596651.681099 1.51918181818 0.0 2456307.23015 1.0 9.0 0.0
-0.430454720637 5658437.89005 596496.44316 1.51918181818 0.0 2456307.2316 1.0 9.0 0.0
-0.429269047859 5660688.37116 596802.251619 1.51918181818 0.0 2456307.23304 1.0 9.0 0.0
-0.428082918531 5660786.65933 596771.673675 1.51918181818 0.0 2456307.23449 1.0 9.0 0.0
-0.426897095733 5661704.69333 596874.426295 1.51918181818 0.0 2456307.23594 1.0 9.0 0.0
-0.425711132459 5661267.02626 596809.202963 1.51918181818 0.0 2456307.23738 1.0 9.0 0.0
-0.424525467315 5662031.0256 596909.98536 1.51918181818 0.0 2456307.23883 1.0 9.0 0.0
-0.423339350585 5662404.10791 596912.930628 1.51918181818 0.0 2456307.24028 1.0 9.0 0.0
-0.422153548019 5661977.74713 596849.847954 1.51918181818 0.0 2456307.24172 1.0 9.0 0.0
-0.420967588562 5661032.657 596738.659896 1.51918181818 0.0 2456307.24317 1.0 9.0 0.0
-0.419781935252 5661933.8468 596882.837264 1.51918181818 0.0 2456307.24461 1.0 9.0 0.0
-0.418595837226 5660560.93999 596709.059295 1.51918181818 0.0 2456307.24606 1.0 9.0 0.0
-0.41741003695 5662192.1412 596929.042124 1.51918181818 0.0 2456307.24751 1.0 9.0 0.0
-0.416224086654 5660669.76957 596730.984906 1.51918181818 0.0 2456307.24895 1.0 9.0 0.0
0.318950816244 5638899.783 594417.116475 1.51918181818 0.0 2456256.9112 0.0 4.0 0.0
0.320136860827 5657262.83419 596351.35579 1.51918181818 0.0 2456256.91264 0.0 4.0 0.0
0.321322755008 5665816.24378 597195.162406 1.51918181818 0.0 2456256.91409 0.0 4.0 0.0
0.322508795011 5670213.02962 597662.143516 1.51918181818 0.0 2456256.91554 0.0 4.0 0.0
0.323694680794 5674749.03312 598128.616353 1.51918181818 0.0 2456256.91698 0.0 4.0 0.0
0.324880720415 5677741.5638 598428.857523 1.51918181818 0.0 2456256.91843 0.0 4.0 0.0
0.326066601236 5676373.67757 598239.990935 1.51918181818 0.0 2456256.91988 0.0 4.0 0.0
0.327252632077 5678487.67327 598463.973099 1.51918181818 0.0 2456256.92132 0.0 4.0 0.0
0.328438512897 5679453.88878 598575.824399 1.51918181818 0.0 2456256.92277 0.0 4.0 0.0
0.329624539158 5680929.80047 598689.034114 1.51918181818 0.0 2456256.92422 0.0 4.0 0.0
0.330810411581 5681585.29426 598762.859928 1.51918181818 0.0 2456256.92566 0.0 4.0 0.0
0.331996438986 5679346.85148 598533.826534 1.51918181818 0.0 2456256.92711 0.0 4.0 0.0
0.333182308355 5680770.61464 598687.146759 1.51918181818 0.0 2456256.92856 0.0 4.0 0.0
0.334368328507 5680301.98619 598662.648959 1.51918181818 0.0 2456256.93 0.0 4.0 0.0
0.335554200167 5681160.39531 598723.47923 1.51918181818 0.0 2456256.93145 0.0 4.0 0.0
0.336740222991 5677932.36976 598403.658473 1.51918181818 0.0 2456256.9329 0.0 4.0 0.0
0.337926085489 5678997.79284 598528.196009 1.51918181818 0.0 2456256.93434 0.0 4.0 0.0
0.339112108314 5678014.11077 598401.388261 1.51918181818 0.0 2456256.93579 0.0 4.0 0.0
0.34029797921 5677765.68055 598396.684551 1.51918181818 0.0 2456256.93724 0.0 4.0 0.0
0.364766831063 5661543.06853 596673.548807 1.51918181818 0.0 2456256.96709 0.0 4.0 0.0
0.365952731734 5665634.26264 597098.815875 1.51918181818 0.0 2456256.96853 0.0 4.0 0.0
0.367138787769 5667018.62371 597249.873803 1.51918181818 0.0 2456256.96998 0.0 4.0 0.0
0.368324692257 5670085.22517 597573.675364 1.51918181818 0.0 2456256.97143 0.0 4.0 0.0
0.369510739131 5670639.12286 597632.0066 1.51918181818 0.0 2456256.97287 0.0 4.0 0.0
0.370696640947 5670590.30356 597590.287638 1.51918181818 0.0 2456256.97432 0.0 4.0 0.0
0.371882693165 5672672.31667 597862.651999 1.51918181818 0.0 2456256.97577 0.0 4.0 0.0
0.37306858391 5674449.55008 598012.870325 1.51918181818 0.0 2456256.97721 0.0 4.0 0.0
0.374254632311 5672665.15701 597858.128993 1.51918181818 0.0 2456256.97866 0.0 4.0 0.0
0.375440527638 5673729.41109 597959.561217 1.51918181818 0.0 2456256.98011 0.0 4.0 0.0
0.378998494571 5672506.43455 597822.362802 1.51918181818 0.0 2456256.98445 0.0 4.0 0.0
0.380184372338 5671310.2378 597700.480779 1.51918181818 0.0 2456256.98589 0.0 4.0 0.0
0.381370407378 5669657.90429 597530.93758 1.51918181818 0.0 2456256.98734 0.0 4.0 0.0
0.382556288962 5669375.54599 597481.630186 1.51918181818 0.0 2456256.98879 0.0 4.0 0.0
0.383742311787 5667570.65916 597277.975658 1.51918181818 0.0 2456256.99023 0.0 4.0 0.0
0.384928189172 5666860.52292 597162.635633 1.51918181818 0.0 2456256.99168 0.0 4.0 0.0
0.386114216578 5666308.34102 597159.041541 1.51918181818 0.0 2456256.99313 0.0 4.0 0.0
0.387300082511 5666419.61426 597184.762212 1.51918181818 0.0 2456256.99457 0.0 4.0 0.0
0.388486106863 5667231.14593 597284.329645 1.51918181818 0.0 2456256.99602 0.0 4.0 0.0
0.389671978904 5666844.91862 597238.995861 1.51918181818 0.0 2456256.99747 0.0 4.0 0.0
0.390857997529 5666996.64931 597274.574287 1.51918181818 0.0 2456256.99891 0.0 4.0 0.0
0.392043864226 5666499.58457 597200.128571 1.51918181818 0.0 2456257.00036 0.0 4.0 0.0
0.393229886669 5667027.60827 597257.259166 1.51918181818 0.0 2456257.00181 0.0 4.0 0.0
0.394415753366 5666163.03919 597163.984286 1.51918181818 0.0 2456257.00325 0.0 4.0 0.0
0.395601772755 5667867.19847 597374.505993 1.51918181818 0.0 2456257.0047 0.0 4.0 0.0
0.419264110474 5662710.13321 596744.956487 1.51918181818 0.0 2456257.03357 0.0 4.0 0.0
0.420450006946 5666693.25783 597186.627948 1.51918181818 0.0 2456257.03501 0.0 4.0 0.0
0.422821967088 5668869.25098 597436.867288 1.51918181818 0.0 2456257.03791 0.0 4.0 0.0
0.424008017779 5669833.32018 597563.525586 1.51918181818 0.0 2456257.03935 0.0 4.0 0.0
0.426379967232 5669923.91801 597533.883242 1.51918181818 0.0 2456257.04225 0.0 4.0 0.0
0.427565862177 5670427.85613 597607.246011 1.51918181818 0.0 2456257.04369 0.0 4.0 0.0
0.42875190676 5668742.483 597414.327452 1.51918181818 0.0 2456257.04514 0.0 4.0 0.0
0.429937801323 5669700.40798 597536.349616 1.51918181818 0.0 2456257.04659 0.0 4.0 0.0
0.431123841325 5669605.43399 597494.009184 1.51918181818 0.0 2456257.04803 0.0 4.0 0.0
0.432309728254 5667848.52894 597326.453798 1.51918181818 0.0 2456257.04948 0.0 4.0 0.0
0.433495767875 5668617.25805 597452.479723 1.51918181818 0.0 2456257.05093 0.0 4.0 0.0
0.434681649841 5667025.69359 597237.515681 1.51918181818 0.0 2456257.05237 0.0 4.0 0.0
0.435867680682 5666892.78822 597229.67358 1.51918181818 0.0 2456257.05382 0.0 4.0 0.0
0.437053562266 5666032.82726 597125.919459 1.51918181818 0.0 2456257.05527 0.0 4.0 0.0
0.438239588908 5667948.14527 597324.337599 1.51918181818 0.0 2456257.05671 0.0 4.0 0.0
0.439425462476 5664939.66755 597032.433726 1.51918181818 0.0 2456257.05816 0.0 4.0 0.0
0.4406114895 5665753.83284 597120.960137 1.51918181818 0.0 2456257.05961 0.0 4.0 0.0
0.441797359632 5665385.22863 597052.422726 1.51918181818 0.0 2456257.06105 0.0 4.0 0.0
0.442983379785 5665518.12341 597100.690902 1.51918181818 0.0 2456257.0625 0.0 4.0 0.0
0.444169251826 5666988.42494 597223.883774 1.51918181818 0.0 2456257.06395 0.0 4.0 0.0
0.44535527465 5665633.07262 597065.564624 1.51918181818 0.0 2456257.06539 0.0 4.0 0.0
0.446541137148 5665605.92449 597084.830478 1.51918181818 0.0 2456257.06684 0.0 4.0 0.0
0.447727159591 5666067.49531 597150.230104 1.51918181818 0.0 2456257.06829 0.0 4.0 0.0
0.448913030487 5667279.18673 597260.115552 1.51918181818 0.0 2456257.06973 0.0 4.0 0.0
0.473751817625 5648266.69618 595181.653554 1.51918181818 0.0 2456257.10003 0.0 4.0 0.0
0.474937865644 5654137.86971 595894.801212 1.51918181818 0.0 2456257.10148 0.0 4.0 0.0
0.477309825403 5655498.03649 596032.549987 1.51918181818 0.0 2456257.10437 0.0 4.0 0.0
0.478495719967 5656160.12087 596120.781794 1.51918181818 0.0 2456257.10582 0.0 4.0 0.0
0.47968177333 5655537.76635 596097.457873 1.51918181818 0.0 2456257.10727 0.0 4.0 0.0
0.480867673619 5656362.06497 596153.890714 1.51918181818 0.0 2456257.10871 0.0 4.0 0.0
0.482053719729 5656878.61581 596168.431094 1.51918181818 0.0 2456257.11016 0.0 4.0 0.0
0.483239612383 5657503.59845 596238.271859 1.51918181818 0.0 2456257.11161 0.0 4.0 0.0
0.484425658875 5656352.32822 596106.749508 1.51918181818 0.0 2456257.11305 0.0 4.0 0.0
0.485611547331 5658083.44529 596293.720986 1.51918181818 0.0 2456257.1145 0.0 4.0 0.0
0.486797585424 5659299.1223 596447.231748 1.51918181818 0.0 2456257.11595 0.0 4.0 0.0
0.487983473498 5658808.34491 596406.135479 1.51918181818 0.0 2456257.11739 0.0 4.0 0.0
0.489169507011 5659750.45989 596475.107916 1.51918181818 0.0 2456257.11884 0.0 4.0 0.0
0.490355385924 5661526.73205 596658.986685 1.51918181818 0.0 2456257.12029 0.0 4.0 0.0
0.491541419437 5662093.62762 596751.309831 1.51918181818 0.0 2456257.12173 0.0 4.0 0.0
0.49272729415 5662795.71684 596800.041357 1.51918181818 0.0 2456257.12318 0.0 4.0 0.0
0.493913319265 5663307.87238 596875.948402 1.51918181818 0.0 2456257.12463 0.0 4.0 0.0
0.495099194741 5664372.95836 596952.086664 1.51918181818 0.0 2456257.12607 0.0 4.0 0.0
0.496285216421 5664886.53281 597020.599042 1.51918181818 0.0 2456257.12752 0.0 4.0 0.0
0.497471085027 5663475.15155 596869.740447 1.51918181818 0.0 2456257.12897 0.0 4.0 0.0
0.499842975693 5663785.89158 596948.321938 1.51918181818 0.0 2456257.13186 0.0 4.0 0.0
-0.496599113106 5661891.21622 596690.274112 1.51918181818 0.0 2456257.1362 0.0 4.0 0.0
-0.471750918233 5649132.20487 595349.351853 1.51918181818 0.0 2456257.16651 0.0 4.0 0.0
-0.468192911218 5661160.59251 596649.163735 1.51918181818 0.0 2456257.17085 0.0 4.0 0.0
-0.467007012455 5661184.41786 596627.858079 1.51918181818 0.0 2456257.1723 0.0 4.0 0.0
-0.465820963673 5663987.49883 596951.024116 1.51918181818 0.0 2456257.17375 0.0 4.0 0.0
-0.464635063766 5664202.37125 596954.146507 1.51918181818 0.0 2456257.17519 0.0 4.0 0.0
-0.463449013457 5663493.42961 596838.710425 1.51918181818 0.0 2456257.17664 0.0 4.0 0.0
-0.46226312462 5666437.81684 597189.360108 1.51918181818 0.0 2456257.17809 0.0 4.0 0.0
-0.46107707851 5667305.15061 597261.829747 1.51918181818 0.0 2456257.17953 0.0 4.0 0.0
-0.459891186237 5667397.89219 597268.390928 1.51918181818 0.0 2456257.18098 0.0 4.0 0.0
-0.458705152342 5667968.20801 597341.704861 1.51918181818 0.0 2456257.18243 0.0 4.0 0.0
-0.45751926465 5669546.96551 597528.071753 1.51918181818 0.0 2456257.18387 0.0 4.0 0.0
-0.456333226938 5670634.89859 597607.119545 1.51918181818 0.0 2456257.18532 0.0 4.0 0.0
-0.455147351843 5670726.25485 597586.472 1.51918181818 0.0 2456257.18677 0.0 4.0 0.0
-0.453961319093 5669757.45255 597505.717635 1.51918181818 0.0 2456257.18821 0.0 4.0 0.0
-0.452775439799 5669635.89751 597481.327695 1.51918181818 0.0 2456257.18966 0.0 4.0 0.0
-0.451589419265 5667979.08176 597320.247812 1.51918181818 0.0 2456257.19111 0.0 4.0 0.0
-0.450403543789 5668956.31273 597454.809819 1.51918181818 0.0 2456257.19255 0.0 4.0 0.0
