1.137 0.001172 0.000032 0.300 0.000 1.81
1.163 0.001279 0.000032 0.300 0.000 1.43
1.188 0.001131 0.000031 0.300 0.000 1.23
1.212 0.001199 0.000031 0.300 0.000 1.63
1.238 0.001126 0.000030 0.300 0.000 1.54
1.262 0.001195 0.000031 0.300 0.000 1.43
1.288 0.001379 0.000036 0.300 0.000 1.73
1.312 0.001290 0.000031 0.300 0.000 1.57
1.337 0.001305 0.000031 0.300 0.000 1.22
1.363 0.001313 0.000032 0.300 0.000 1.23
1.387 0.001418 0.000036 0.300 0.000 1.05
1.413 0.001415 0.000033 0.300 0.000 0.95
1.438 0.001555 0.000035 0.300 0.000 1.51
1.462 0.001614 0.000034 0.300 0.000 1.76
1.488 0.001672 0.000038 0.300 0.000 1.85
1.512 0.001582 0.000037 0.300 0.000 1.75
1.538 0.001601 0.000037 0.300 0.000 1.78
1.562 0.001216 0.000043 0.300 0.000 979892.12
1.587 0.001689 0.000039 0.300 0.000 2.30
1.613 0.001613 0.000040 0.300 0.000 2.81
1.637 0.001644 0.000041 0.300 0.000 3.31
